出表日期,年度,季別,公司代號,公司名稱,營業活動之淨現金流入（流出）,投資活動之淨現金流入（流出）,籌資活動之淨現金流入（流出）,匯率變動對現金及約當現金之影響,本期現金及約當現金增加（減少）數,期初現金及約當現金餘額,期末現金及約當現金餘額
"115/08/18","114","1","1101","台泥","6829705.00","-13158475.00","17923856.00","320827.00","11915913.00","77764504.00","89680417.00"
"115/08/18","114","1","1102","亞泥","2773756.00","2938070.00","-2807129.00","189375.00","3094072.00","13259732.00","16353804.00"
"115/08/18","114","1","1103","嘉泥","94199.00","-747934.00","133516.00","33675.00","-486544.00","2313203.00","1826659.00"
"115/08/18","114","1","1104","環泥","183480.00","-19325.00","26019.00","--","190174.00","1576599.00","1766773.00"
"115/08/18","114","1","1108","幸福","248107.00","-99117.00","-351234.00","0.00","-202244.00","493514.00","291270.00"
"115/08/18","114","1","1109","信大","10773.00","-161492.00","895.00","33831.00","-115993.00","3021873.00","2905880.00"
"115/08/18","114","1","1110","東泥","32025.00","-55383.00","-1071.00","--","-24429.00","548447.00","524018.00"
"115/08/18","114","1","1201","味全","-30711.00","-426213.00","364814.00","9124.00","-82986.00","1325519.00","1242533.00"
"115/08/18","114","1","1203","味王","516180.00","-105976.00","-28612.00","41338.00","422930.00","1776020.00","2198950.00"
"115/08/18","114","1","1210","大成","1737327.00","-884780.00","-1543263.00","173932.00","-516784.00","8134872.00","7618088.00"
"115/08/18","114","1","1213","大飲","-116742.00","-4479.00","-16.00","9.00","-121228.00","143072.00","21844.00"
"115/08/18","114","1","1215","卜蜂","1231477.00","-549928.00","-669281.00","118.00","12386.00","215000.00","227386.00"
"115/08/18","114","1","1216","統一","6504088.00","-19252753.00","12662506.00","561582.00","475423.00","100442408.00","100917831.00"
"115/08/18","114","1","1217","愛之味","-152480.00","-41144.00","49779.00","-1695.00","-145540.00","721333.00","575793.00"
"115/08/18","114","1","1218","泰山","-3329.00","-393902.00","-7336.00","7197.00","-397370.00","2750119.00","2352749.00"
"115/08/18","114","1","1219","福壽","532280.00","-126239.00","-320901.00","187.00","85327.00","838237.00","923564.00"
"115/08/18","114","1","1220","台榮","321602.00","-45768.00","-135003.00","0.00","140831.00","405624.00","546455.00"
"115/08/18","114","1","1225","福懋油","319678.00","-5741.00","-994224.00","2238.00","-678049.00","2291593.00","1613544.00"
"115/08/18","114","1","1227","佳格","598832.00","-911561.00","11884.00","28537.00","-272308.00","3126724.00","2854416.00"
"115/08/18","114","1","1229","聯華","615880.00","-360189.00","190052.00","49977.00","495720.00","4966714.00","5462434.00"
"115/08/18","114","1","1231","聯華食","25389.00","-137783.00","443853.00","2772.00","334231.00","613309.00","947540.00"
"115/08/18","114","1","1232","大統益","890713.00","-98087.00","-4011.00","--","788615.00","2235897.00","3024512.00"
"115/08/18","114","1","1233","天仁","48850.00","-15090.00","-43574.00","138.00","-9676.00","179200.00","169524.00"
"115/08/18","114","1","1234","黑松","111668.00","119359.00","-5526.00","5303.00","230804.00","1353872.00","1584676.00"
"115/08/18","114","1","1235","興泰","-59093.00","302962.00","-281636.00","--","-37767.00","51626.00","13859.00"
"115/08/18","114","1","1236","宏亞","-58128.00","-52733.00","69128.00","0.00","-41733.00","74287.00","32554.00"
"115/08/18","114","1","1256","鮮活果汁-KY","-42387.00","-215613.00","-894.00","24191.00","-234703.00","797758.00","563055.00"
"115/08/18","114","1","1301","台塑","-106577.00","-4180493.00","7048944.00","43055.00","2804929.00","18200100.00","21005029.00"
"115/08/18","114","1","1303","南亞","1364094.00","-4939396.00","616916.00","1412957.00","-1545429.00","66445373.00","64899944.00"
"115/08/18","114","1","1304","台聚","-63911.00","-779012.00","-77588.00","113315.00","-807196.00","7604583.00","6797387.00"
"115/08/18","114","1","1305","華夏","-83816.00","-480057.00","367418.00","-454.00","-196909.00","1523912.00","1327003.00"
"115/08/18","114","1","1307","三芳","76870.00","-290902.00","-42065.00","67853.00","-188244.00","3697059.00","3508815.00"
"115/08/18","114","1","1308","亞聚","-206378.00","-111911.00","-102512.00","805.00","-419996.00","1468956.00","1048960.00"
"115/08/18","114","1","1309","台達化","220477.00","-107635.00","-171205.00","103.00","-58260.00","886216.00","827956.00"
"115/08/18","114","1","1310","台苯","28864.00","-4540.00","50930.00","244.00","75498.00","497755.00","573253.00"
"115/08/18","114","1","1312","國喬","272507.00","-938814.00","2378538.00","99408.00","1811639.00","4358525.00","6170164.00"
"115/08/18","114","1","1313","聯成","-1240931.00","-243874.00","68964.00","52218.00","-1363623.00","4862588.00","3498965.00"
"115/08/18","114","1","1314","中石化","-1930772.00","66549.00","813861.00","13285.00","-1037077.00","6172176.00","5135099.00"
"115/08/18","114","1","1315","達新","166076.00","68963.00","-1503.00","14262.00","247798.00","2202455.00","2450253.00"
"115/08/18","114","1","1316","上曜","-536835.00","-655071.00","1501265.00","526.00","309885.00","1631952.00","1941837.00"
"115/08/18","114","1","1319","東陽","1966686.00","-804942.00","-103168.00","111161.00","1169737.00","4736971.00","5906708.00"
"115/08/18","114","1","1321","大洋","95400.00","-113408.00","790.00","7609.00","-9609.00","694400.00","684791.00"
"115/08/18","114","1","1323","永裕","80973.00","-35060.00","-3292.00","21930.00","64551.00","957530.00","1022081.00"
"115/08/18","114","1","1324","地球","22216.00","-38360.00","28929.00","1886.00","14671.00","248002.00","262673.00"
"115/08/18","114","1","1325","恆大","-717.00","-18865.00","38.00","1206.00","-18338.00","497028.00","478690.00"
"115/08/18","114","1","1326","台化","-2910582.00","-3303803.00","8590237.00","-88790.00","2287062.00","24382093.00","26669155.00"
"115/08/18","114","1","1337","再生-KY","-96959.00","107071.00","-2256.00","38789.00","46645.00","1879297.00","1925942.00"
"115/08/18","114","1","1338","廣華-KY","132508.00","-62621.00","114603.00","61672.00","246162.00","2536409.00","2782571.00"
"115/08/18","114","1","1339","昭輝","222013.00","-22272.00","-34208.00","-4913.00","160620.00","561073.00","721693.00"
"115/08/18","114","1","1340","勝悅-KY","-1744.00","-1108.00","0.00","18353.00","15501.00","684609.00","700110.00"
"115/08/18","114","1","1341","富林-KY","136947.00","-199377.00","-24372.00","-4749.00","-91551.00","311620.00","220069.00"
"115/08/18","114","1","1342","八貫","145312.00","-23397.00","-32693.00","--","89222.00","641080.00","730302.00"
"115/08/18","114","1","1402","遠東新","4719473.00","-1780733.00","-7422189.00","175735.00","-4307714.00","41314608.00","37006894.00"
"115/08/18","114","1","1410","南染","25419.00","-3114.00","16176.00","--","38481.00","500006.00","538487.00"
"115/08/18","114","1","1413","宏洲","11091.00","-1433.00","-21708.00","--","-12050.00","49831.00","37781.00"
"115/08/18","114","1","1414","東和","64878.00","-26947.00","-16161.00","--","21770.00","178982.00","200752.00"
"115/08/18","114","1","1416","廣豐","13916.00","-128964.00","85925.00","27351.00","-1772.00","145856.00","144084.00"
"115/08/18","114","1","1417","嘉裕","1085.00","-1519.00","-3357.00","7600.00","3809.00","704042.00","707851.00"
"115/08/18","114","1","1418","東華","-67666.00","23005.00","3672.00","-1773.00","-42762.00","967572.00","924810.00"
"115/08/18","114","1","1419","新紡","150621.00","-541252.00","390841.00","1560.00","1770.00","859291.00","861061.00"
"115/08/18","114","1","1423","利華","-3727.00","70836.00","-436.00","--","66673.00","121466.00","188139.00"
"115/08/18","114","1","1432","大魯閣","91994.00","-108153.00","-20054.00","6159.00","-30054.00","656873.00","626819.00"
"115/08/18","114","1","1434","福懋","326563.00","-99581.00","-40819.00","40062.00","226225.00","3524678.00","3750903.00"
"115/08/18","114","1","1435","中福","-14130.00","-12921.00","0.00","0.00","-27051.00","44555.00","17504.00"
"115/08/18","114","1","1436","華友聯","-1063292.00","-90014.00","1428472.00","--","275166.00","1391826.00","1666992.00"
"115/08/18","114","1","1437","勤益控","31791.00","31624.00","-79999.00","2793.00","-13791.00","677788.00","663997.00"
"115/08/18","114","1","1438","三地開發","-229713.00","-4382.00","-128698.00","--","-362793.00","1653916.00","1291123.00"
"115/08/18","114","1","1439","雋揚","9810.00","2955.00","5843.00","--","18608.00","504371.00","522979.00"
"115/08/18","114","1","1440","南紡","435367.00","70123.00","-661880.00","145196.00","-11194.00","4756859.00","4745665.00"
"115/08/18","114","1","1441","大東","122948.00","20633.00","8711.00","11597.00","163889.00","122917.00","286806.00"
"115/08/18","114","1","1442","名軒","506285.00","216.00","44153.00","--","550654.00","574535.00","1125189.00"
"115/08/18","114","1","1443","立益物流","155745.00","-80580.00","-13875.00","-59324.00","1966.00","124282.00","126248.00"
"115/08/18","114","1","1444","力麗","-183200.00","-518647.00","739836.00","249.00","38238.00","650496.00","688734.00"
"115/08/18","114","1","1445","大宇","21137.00","-14783.00","-417.00","--","5937.00","330497.00","336434.00"
"115/08/18","114","1","1446","宏和","442602.00","0.00","-102896.00","52627.00","392333.00","1033334.00","1425667.00"
"115/08/18","114","1","1447","力鵬","-685214.00","-357600.00","728814.00","-11324.00","-325324.00","1765356.00","1440032.00"
"115/08/18","114","1","1449","佳和","71523.00","-34814.00","-63381.00","-222.00","-26894.00","203987.00","177093.00"
"115/08/18","114","1","1451","年興","-79509.00","-72991.00","-3725.00","17445.00","-138780.00","1855369.00","1716589.00"
"115/08/18","114","1","1452","宏益","-245535.00","-13326.00","-449.00","--","-259310.00","837020.00","577710.00"
"115/08/18","114","1","1453","大將","-115465.00","-7449.00","124909.00","--","1995.00","4117.00","6112.00"
"115/08/18","114","1","1454","台富","-25806.00","-128097.00","104489.00","--","-49414.00","105544.00","56130.00"
"115/08/18","114","1","1455","集盛","99300.00","-135332.00","28601.00","496.00","-6935.00","140118.00","133183.00"
"115/08/18","114","1","1456","怡華","-228338.00","5459.00","369169.00","--","146290.00","137059.00","283349.00"
"115/08/18","114","1","1457","宜進","157247.00","579752.00","-349356.00","--","387643.00","234911.00","622554.00"
"115/08/18","114","1","1459","聯發","1964.00","-227765.00","216552.00","1580.00","-7669.00","368687.00","361018.00"
"115/08/18","114","1","1460","宏遠","635851.00","-107208.00","-293267.00","-30369.00","205007.00","816036.00","1021043.00"
"115/08/18","114","1","1463","強盛新","-339512.00","8642.00","213279.00","--","-117591.00","799485.00","681894.00"
"115/08/18","114","1","1464","得力","350698.00","234144.00","64947.00","15536.00","665325.00","1488436.00","2153761.00"
"115/08/18","114","1","1465","偉全","-254009.00","261874.00","-48.00","--","7817.00","163451.00","171268.00"
"115/08/18","114","1","1466","聚隆","92333.00","-31955.00","19390.00","--","79768.00","198420.00","278188.00"
"115/08/18","114","1","1467","南緯","101346.00","-66602.00","40926.00","47266.00","122936.00","2240133.00","2363069.00"
"115/08/18","114","1","1468","昶和","38103.00","-26589.00","-79979.00","3324.00","-65141.00","380169.00","315028.00"
"115/08/18","114","1","1470","大統新創","36659.00","-12770.00","-976.00","569.00","23482.00","291257.00","314739.00"
"115/08/18","114","1","1471","首利","22951.00","-117363.00","-2412.00","-4726.00","-101550.00","984574.00","883024.00"
"115/08/18","114","1","1472","三洋實業","16798.00","-217588.00","96870.00","1768.00","-102152.00","790965.00","688813.00"
"115/08/18","114","1","1473","台南","-111222.00","-45159.00","329505.00","19562.00","192686.00","804611.00","997297.00"
"115/08/18","114","1","1474","弘裕","107176.00","-30991.00","85927.00","793.00","162905.00","450000.00","612905.00"
"115/08/18","114","1","1475","業旺","51300.00","58649.00","--","--","109949.00","1326176.00","1436125.00"
"115/08/18","114","1","1476","儒鴻","1328857.00","-1647395.00","-291830.00","24392.00","-585976.00","3618179.00","3032203.00"
"115/08/18","114","1","1477","聚陽","1574732.00","-906916.00","47777.00","26093.00","741686.00","2899706.00","3641392.00"
"115/08/18","114","1","1503","士電","992626.00","-30551.00","-811792.00","50185.00","200468.00","3370646.00","3571114.00"
"115/08/18","114","1","1504","東元","99724.00","-35480.00","950143.00","197906.00","1212293.00","26055287.00","27267580.00"
"115/08/18","114","1","1506","正道","-34486.00","-33723.00","-31978.00","3689.00","-96498.00","399060.00","302562.00"
"115/08/18","114","1","1512","瑞利","-88735.00","50738.00","-76399.00","7222.00","-107174.00","213055.00","105881.00"
"115/08/18","114","1","1513","中興電","1451515.00","-205197.00","-1716999.00","27528.00","-443153.00","2740611.00","2297458.00"
"115/08/18","114","1","1514","亞力","-459543.00","13954.00","251863.00","6755.00","-186971.00","1023242.00","836271.00"
"115/08/18","114","1","1515","力山","17677.00","-147482.00","-95487.00","5111.00","-220181.00","2372119.00","2151938.00"
"115/08/18","114","1","1516","川飛","-7261.00","-9.00","0.00","--","-7270.00","144625.00","137355.00"
"115/08/18","114","1","1517","利奇","-1331.00","44811.00","0.00","3152.00","46632.00","807220.00","853852.00"
"115/08/18","114","1","1519","華城","2385892.00","-334120.00","480767.00","3836.00","2536375.00","2480917.00","5017292.00"
"115/08/18","114","1","1521","大億","24311.00","-2716.00","-53018.00","-616.00","-32039.00","292687.00","260648.00"
"115/08/18","114","1","1522","堤維西","266524.00","-476735.00","1587677.00","95757.00","1473223.00","1540242.00","3013465.00"
"115/08/18","114","1","1524","耿鼎","306699.00","-106736.00","-56830.00","--","143133.00","383111.00","526244.00"
"115/08/18","114","1","1525","江申","-19970.00","-42973.00","-10.00","27813.00","-35140.00","1790232.00","1755092.00"
"115/08/18","114","1","1526","日馳","42028.00","-3411.00","-38895.00","33577.00","33299.00","306828.00","340127.00"
"115/08/18","114","1","1527","鑽全","98477.00","1039.00","0.00","--","99516.00","156307.00","255823.00"
"115/08/18","114","1","1528","恩德","25025.00","-271840.00","290243.00","4920.00","48348.00","733587.00","781935.00"
"115/08/18","114","1","1529","樂事綠能","64943.00","2728.00","10784.00","0.00","78455.00","303439.00","381894.00"
"115/08/18","114","1","1530","亞崴","56920.00","-35063.00","20262.00","10042.00","52161.00","809774.00","861935.00"
"115/08/18","114","1","1531","高林股","193291.00","-66820.00","-377.00","5419.00","131513.00","1117425.00","1248938.00"
"115/08/18","114","1","1532","勤美","-503993.00","-769359.00","588083.00","71393.00","-613876.00","6030407.00","5416531.00"
"115/08/18","114","1","1533","車王電","-58694.00","-94926.00","-267657.00","25683.00","-395594.00","990966.00","595372.00"
"115/08/18","114","1","1535","中宇","-327700.00","-21566.00","-64420.00","11395.00","-402291.00","1203566.00","801275.00"
"115/08/18","114","1","1536","和大","179936.00","-256228.00","-2618.00","13714.00","-65196.00","773323.00","708127.00"
"115/08/18","114","1","1537","廣隆","261994.00","-45229.00","378.00","24856.00","241999.00","1912728.00","2154727.00"
"115/08/18","114","1","1538","正峰","-28973.00","11058.00","-6611.00","11932.00","-12594.00","41576.00","28982.00"
"115/08/18","114","1","1539","巨庭","29840.00","-9396.00","42272.00","12.00","62728.00","549973.00","612701.00"
"115/08/18","114","1","1540","喬福","-32568.00","-166326.00","--","107.00","-198787.00","386803.00","188016.00"
"115/08/18","114","1","1541","錩泰","212697.00","-3854.00","-27483.00","-699.00","180661.00","49134.00","229795.00"
"115/08/18","114","1","1558","伸興","239853.00","-259702.00","163134.00","30947.00","174232.00","2279804.00","2454036.00"
"115/08/18","114","1","1560","中砂","411119.00","-267673.00","30978.00","27082.00","201506.00","2000757.00","2202263.00"
"115/08/18","114","1","1563","巧新","220084.00","-547368.00","-557706.00","-3616.00","-888606.00","2153486.00","1264880.00"
"115/08/18","114","1","1568","倉佑","100819.00","-67866.00","16749.00","-70.00","49632.00","459605.00","509237.00"
"115/08/18","114","1","1582","信錦","105425.00","-150886.00","-177334.00","45010.00","-177785.00","3700938.00","3523153.00"
"115/08/18","114","1","1583","程泰","-7280.00","-106075.00","351415.00","30381.00","268441.00","1532663.00","1801104.00"
"115/08/18","114","1","1587","吉茂","118955.00","-30821.00","17254.00","14554.00","119942.00","453401.00","573343.00"
"115/08/18","114","1","1589","永冠-KY","84900.00","-416722.00","847000.00","-94013.00","421165.00","2693896.00","3115061.00"
"115/08/18","114","1","1590","亞德客-KY","1313878.00","17042.00","-2786669.00","30671.00","-1425078.00","6726167.00","5301089.00"
"115/08/18","114","1","1597","直得","2689.00","24421.00","-82501.00","18655.00","-36736.00","864632.00","827896.00"
"115/08/18","114","1","1598","岱宇","68205.00","-153498.00","-58109.00","7653.00","-135749.00","1159244.00","1023495.00"
"115/08/18","114","1","1603","華電","-421598.00","6829.00","396003.00","--","-18766.00","204286.00","185520.00"
"115/08/18","114","1","1604","聲寶","43695.00","-191646.00","93819.00","3016.00","-51116.00","898261.00","847145.00"
"115/08/18","114","1","1605","華新","-2908122.00","-2682506.00","4570188.00","1168200.00","147760.00","10757417.00","10905177.00"
"115/08/18","114","1","1608","華榮","-306294.00","-93377.00","330493.00","--","-69178.00","433715.00","364537.00"
"115/08/18","114","1","1609","大亞","76316.00","-1640054.00","1390012.00","20132.00","-153594.00","7548132.00","7394538.00"
"115/08/18","114","1","1611","中電","96919.00","-2267.00","-8852.00","1434.00","87234.00","259205.00","346439.00"
"115/08/18","114","1","1612","宏泰","-51314.00","-126428.00","151212.00","1119.00","-25411.00","781120.00","755709.00"
"115/08/18","114","1","1614","三洋電","40378.00","-59393.00","-6640.00","--","-25655.00","103610.00","77955.00"
"115/08/18","114","1","1615","大山","326240.00","-19473.00","-313082.00","--","-6315.00","90183.00","83868.00"
"115/08/18","114","1","1616","億泰","91901.00","-46270.00","-99633.00","9215.00","-44787.00","933605.00","888818.00"
"115/08/18","114","1","1617","榮星","-10665.00","138691.00","44517.00","13721.00","186264.00","500477.00","686741.00"
"115/08/18","114","1","1618","合機","10201.00","-10186.00","5737.00","85.00","5837.00","178386.00","184223.00"
"115/08/18","114","1","1626","艾美特-KY","-729307.00","100975.00","406289.00","-5207.00","-227250.00","748438.00","521188.00"
"115/08/18","114","1","1702","南僑","196104.00","-1709012.00","19067.00","275891.00","-1217950.00","8181308.00","6963358.00"
"115/08/18","114","1","1707","葡萄王","13381.00","-98303.00","-409510.00","13289.00","-481143.00","4342605.00","3861462.00"
"115/08/18","114","1","1708","東鹼","609137.00","174531.00","-277874.00","8810.00","514604.00","2113651.00","2628255.00"
"115/08/18","114","1","1709","和益","236570.00","62674.00","-394345.00","41.00","-95060.00","449634.00","354574.00"
"115/08/18","114","1","1710","東聯","77961.00","-182612.00","-74875.00","542.00","-178984.00","1674844.00","1495860.00"
"115/08/18","114","1","1711","永光","239160.00","-205551.00","73184.00","2042.00","108835.00","1305622.00","1414457.00"
"115/08/18","114","1","1712","興農","-219846.00","-6509.00","93945.00","8424.00","-123986.00","2096179.00","1972193.00"
"115/08/18","114","1","1713","國化","-23651.00","93482.00","-610.00","--","69221.00","143513.00","212734.00"
"115/08/18","114","1","1714","和桐","-50774.00","-348860.00","217872.00","49413.00","-132349.00","6310968.00","6178619.00"
"115/08/18","114","1","1717","長興","546237.00","-1237795.00","-196169.00","136630.00","-751097.00","7102753.00","6351656.00"
"115/08/18","114","1","1720","生達","285768.00","-241021.00","69341.00","263.00","114351.00","1520128.00","1634479.00"
"115/08/18","114","1","1721","三晃","63960.00","-12766.00","-105531.00","--","-54337.00","450917.00","396580.00"
"115/08/18","114","1","1722","台肥","220117.00","-242942.00","-18704.00","452.00","-41077.00","4088248.00","4047171.00"
"115/08/18","114","1","1723","中碳","246444.00","-66956.00","-526093.00","3690.00","-342915.00","1151306.00","808391.00"
"115/08/18","114","1","1725","元禎","-101627.00","-36.00","128521.00","6953.00","33811.00","804602.00","838413.00"
"115/08/18","114","1","1726","永記","322565.00","-202347.00","-3185.00","31475.00","148508.00","1126750.00","1275258.00"
"115/08/18","114","1","1727","中華化","59846.00","-76440.00","31846.00","--","15252.00","145528.00","160780.00"
"115/08/18","114","1","1730","花仙子","102582.00","-102.00","-906.00","5110.00","106684.00","1101159.00","1207843.00"
"115/08/18","114","1","1731","美吾華","3598.00","35430.00","-35441.00","1967.00","5554.00","175367.00","180921.00"
"115/08/18","114","1","1732","毛寶","-11092.00","15118.00","-348.00","1576.00","5254.00","148903.00","154157.00"
"115/08/18","114","1","1733","五鼎","-11420.00","-2477.00","-2488.00","10321.00","-6064.00","532685.00","526621.00"
"115/08/18","114","1","1734","杏輝","63959.00","-91193.00","-92768.00","7450.00","-112552.00","1075672.00","963120.00"
"115/08/18","114","1","1735","日勝化","28239.00","-6249.00","23654.00","4819.00","50463.00","341674.00","392137.00"
"115/08/18","114","1","1736","喬山","-109297.00","-307507.00","261050.00","372611.00","216857.00","2686730.00","2903587.00"
"115/08/18","114","1","1737","臺鹽","-42155.00","-23834.00","-68772.00","533.00","-134228.00","1551310.00","1417082.00"
"115/08/18","114","1","1752","南光","138972.00","-46005.00","-32012.00","-1.00","60954.00","301542.00","362496.00"
"115/08/18","114","1","1760","寶齡富錦","33215.00","-18105.00","-68820.00","421.00","-53289.00","558371.00","505082.00"
"115/08/18","114","1","1762","中化生","76143.00","-22532.00","-939.00","179.00","52851.00","222275.00","275126.00"
"115/08/18","114","1","1773","勝一","695819.00","-298315.00","-512030.00","372.00","-114154.00","373079.00","258925.00"
"115/08/18","114","1","1776","展宇","45758.00","5008.00","-22446.00","5311.00","33631.00","469981.00","503612.00"
"115/08/18","114","1","1783","和康生","74254.00","-15646.00","6900.00","-1684.00","63824.00","639054.00","702878.00"
"115/08/18","114","1","1786","科妍","115223.00","78345.00","-466.00","34.00","193136.00","706022.00","899158.00"
"115/08/18","114","1","1789","神隆","176693.00","-1262925.00","12048.00","5902.00","-1068282.00","4165987.00","3097705.00"
"115/08/18","114","1","1795","美時","2728893.00","-1851482.00","-1320092.00","17483.00","-425198.00","6030113.00","5604915.00"
"115/08/18","114","1","1802","台玻","-197249.00","-1470312.00","589506.00","173885.00","-904170.00","8632705.00","7728535.00"
"115/08/18","114","1","1805","寶徠","-85104.00","79.00","22947.00","11.00","-62067.00","682956.00","620889.00"
"115/08/18","114","1","1806","冠軍","127571.00","-101609.00","-12071.00","6828.00","20719.00","1917490.00","1938209.00"
"115/08/18","114","1","1808","潤隆","-1377143.00","8145.00","694074.00","--","-674924.00","6477170.00","5802246.00"
"115/08/18","114","1","1809","中釉","-36858.00","-16777.00","30452.00","19370.00","-3813.00","515122.00","511309.00"
"115/08/18","114","1","1810","和成","189499.00","-326045.00","-9576.00","-1687.00","-147809.00","771531.00","623722.00"
"115/08/18","114","1","1817","凱撒衛","104555.00","-52198.00","60309.00","5169.00","117835.00","251893.00","369728.00"
"115/08/18","114","1","1903","士紙","2309.00","-28188.00","43411.00","--","17532.00","226564.00","244096.00"
"115/08/18","114","1","1904","正隆","1066592.00","-1012542.00","-757214.00","26701.00","-676463.00","7357995.00","6681532.00"
"115/08/18","114","1","1905","華紙","-931547.00","-883558.00","1375594.00","8047.00","-431464.00","1365522.00","934058.00"
"115/08/18","114","1","1906","寶隆","11507.00","-53345.00","-30596.00","--","-72434.00","153590.00","81156.00"
"115/08/18","114","1","1907","永豐餘","-1769473.00","-2313853.00","2696446.00","129288.00","-1257592.00","11919493.00","10661901.00"
"115/08/18","114","1","1909","榮成","1060433.00","-225670.00","1030150.00","-454132.00","1410781.00","989457.00","2400238.00"
"115/08/18","114","1","2002","中鋼","6836786.00","-9078191.00","-167373.00","441401.00","-1967377.00","15065137.00","13097760.00"
"115/08/18","114","1","2006","東和鋼鐵","2443995.00","-207440.00","-1641063.00","12650.00","608142.00","1519082.00","2127224.00"
"115/08/18","114","1","2007","燁興","-331081.00","-129700.00","397610.00","--","-63171.00","213093.00","149922.00"
"115/08/18","114","1","2008","高興昌","-48156.00","-114867.00","99913.00","--","-63110.00","315406.00","252296.00"
"115/08/18","114","1","2009","第一銅","73615.00","-25173.00","-91798.00","--","-43356.00","139179.00","95823.00"
"115/08/18","114","1","2010","春源","-357666.00","-105750.00","552971.00","51020.00","140575.00","528727.00","669302.00"
"115/08/18","114","1","2012","春雨","497960.00","-9988.00","54907.00","16906.00","559785.00","1390365.00","1950150.00"
"115/08/18","114","1","2013","中鋼構","838312.00","-77802.00","-728463.00","--","32047.00","467748.00","499795.00"
"115/08/18","114","1","2014","中鴻","-361776.00","-318570.00","319039.00","--","-361307.00","673982.00","312675.00"
"115/08/18","114","1","2015","豐興","2011506.00","181332.00","-822817.00","--","1370021.00","1171339.00","2541360.00"
"115/08/18","114","1","2017","官田鋼","3321.00","-336983.00","108048.00","--","-225614.00","522799.00","297185.00"
"115/08/18","114","1","2020","美亞","169324.00","-21165.00","-17108.00","1527.00","132578.00","477043.00","609621.00"
"115/08/18","114","1","2022","聚亨","335578.00","-171213.00","-246974.00","-96304.00","-178913.00","879861.00","700948.00"
"115/08/18","114","1","2023","燁輝","-640291.00","-1251414.00","1991535.00","-46126.00","53704.00","8762028.00","8815732.00"
"115/08/18","114","1","2024","志聯","1102.00","5031.00","-11674.00","-193.00","-5734.00","106069.00","100335.00"
"115/08/18","114","1","2025","千興","-225760.00","29522.00","137871.00","57.00","-58310.00","100981.00","42671.00"
"115/08/18","114","1","2027","大成鋼","-1218463.00","-912111.00","6470396.00","70855.00","4410677.00","7248742.00","11659419.00"
"115/08/18","114","1","2028","威致","379156.00","-71511.00","-376973.00","--","-69328.00","140444.00","71116.00"
"115/08/18","114","1","2029","盛餘","189614.00","381775.00","9142.00","-423.00","580108.00","2767824.00","3347932.00"
"115/08/18","114","1","2030","彰源","423849.00","-253673.00","-233128.00","21324.00","-41628.00","1215975.00","1174347.00"
"115/08/18","114","1","2031","新光鋼","-522667.00","-54183.00","545881.00","84.00","-30885.00","1212459.00","1181574.00"
"115/08/18","114","1","2032","新鋼","-108494.00","0.00","69541.00","--","-38953.00","102598.00","63645.00"
"115/08/18","114","1","2033","佳大","-6441.00","-14790.00","8473.00","--","-12758.00","65060.00","52302.00"
"115/08/18","114","1","2034","允強","-94262.00","-335128.00","576960.00","7739.00","155309.00","942549.00","1097858.00"
"115/08/18","114","1","2038","海光","318654.00","-67951.00","-165380.00","--","85323.00","449014.00","534337.00"
"115/08/18","114","1","2049","上銀","1042074.00","-673356.00","-232406.00","84988.00","221300.00","7353929.00","7575229.00"
"115/08/18","114","1","2059","川湖","2545275.00","-137273.00","-38995.00","72127.00","2441134.00","17488354.00","19929488.00"
"115/08/18","114","1","2062","橋椿","446993.00","-13932.00","-256319.00","21516.00","198258.00","1160519.00","1358777.00"
"115/08/18","114","1","2069","運錩","238391.00","-529083.00","370220.00","36783.00","116311.00","145982.00","262293.00"
"115/08/18","114","1","2072","世紀風電","-591568.00","-292685.00","147193.00","--","-737060.00","4016544.00","3279484.00"
"115/08/18","114","1","2101","南港","-640214.00","182134.00","448824.00","22692.00","13436.00","1925324.00","1938760.00"
"115/08/18","114","1","2102","泰豐","-30109.00","-25365.00","16561.00","8387.00","-30526.00","784299.00","753773.00"
"115/08/18","114","1","2103","台橡","-1347421.00","-128393.00","973162.00","223529.00","-279123.00","6335266.00","6056143.00"
"115/08/18","114","1","2104","國際中橡","408983.00","2609346.00","1612068.00","41954.00","4672351.00","7513216.00","12185567.00"
"115/08/18","114","1","2105","正新","1658316.00","-667418.00","-1750905.00","653910.00","-106097.00","26609220.00","26503123.00"
"115/08/18","114","1","2106","建大","180620.00","89688.00","34559.00","62131.00","366998.00","8017817.00","8384815.00"
"115/08/18","114","1","2107","厚生","152390.00","-430262.00","230755.00","1501.00","-45616.00","710696.00","665080.00"
"115/08/18","114","1","2108","南帝","-206161.00","-176303.00","-39489.00","131059.00","-290894.00","10219416.00","9928522.00"
"115/08/18","114","1","2109","華豐","156522.00","-15049.00","-115355.00","36336.00","62454.00","2665645.00","2728099.00"
"115/08/18","114","1","2114","鑫永銓","118277.00","-353127.00","-25428.00","5951.00","-254327.00","713641.00","459314.00"
"115/08/18","114","1","2115","六暉-KY","65422.00","-51281.00","-11037.00","11332.00","14436.00","1018133.00","1032569.00"
"115/08/18","114","1","2201","裕隆","4195082.00","-907394.00","-5217127.00","136711.00","-1792728.00","14015471.00","12222743.00"
"115/08/18","114","1","2204","中華","121774.00","-377821.00","268094.00","37543.00","49590.00","5479914.00","5529504.00"
"115/08/18","114","1","2206","三陽工業","-798244.00","-616671.00","463963.00","76513.00","-874439.00","10296462.00","9422023.00"
"115/08/18","114","1","2208","台船","2117348.00","-229747.00","-1659934.00","--","227667.00","3624339.00","3852006.00"
"115/08/18","114","1","2211","長榮鋼","-104183.00","-251006.00","14391.00","--","-340798.00","1991237.00","1650439.00"
"115/08/18","114","1","2227","裕日車","-396029.00","135304.00","-11650.00","70311.00","-202064.00","6348256.00","6146192.00"
"115/08/18","114","1","2228","劍麟","17614.00","47303.00","-2245.00","85271.00","147943.00","610285.00","758228.00"
"115/08/18","114","1","2231","為升","-40584.00","-405602.00","352295.00","12116.00","-81775.00","2254359.00","2172584.00"
"115/08/18","114","1","2233","宇隆","91947.00","-207136.00","80571.00","18880.00","-15738.00","700020.00","684282.00"
"115/08/18","114","1","2236","百達-KY","-143082.00","18378.00","-323270.00","50756.00","-397218.00","1622122.00","1224904.00"
"115/08/18","114","1","2239","英利-KY","163527.00","245821.00","192606.00","254394.00","856348.00","5243499.00","6099847.00"
"115/08/18","114","1","2241","艾姆勒","50423.00","-1550.00","-15331.00","1378.00","34920.00","71167.00","106087.00"
"115/08/18","114","1","2243","宏旭-KY","34788.00","-4449.00","-3451.00","5481.00","32369.00","479658.00","512027.00"
"115/08/18","114","1","2247","汎德永業","687209.00","-802598.00","-806527.00","--","-921916.00","2922555.00","2000639.00"
"115/08/18","114","1","2248","華勝-KY","82356.00","-31423.00","326114.00","5608.00","382655.00","405852.00","788507.00"
"115/08/18","114","1","2250","IKKA-KY","-3774.00","-29487.00","-25200.00","49831.00","-8630.00","1342910.00","1334280.00"
"115/08/18","114","1","2254","巨鎧精密-創","81289.00","-10445.00","-64724.00","862.00","6982.00","147647.00","154629.00"
"115/08/18","114","1","2258","鴻華先進-創","-983209.00","295094.00","-16283.00","1596.00","-702802.00","4180593.00","3477791.00"
"115/08/18","114","1","2301","光寶科","6488122.00","-1542003.00","-1327899.00","1371043.00","4989263.00","100683607.00","105672870.00"
"115/08/18","114","1","2302","麗正","23610.00","-98841.00","-819.00","521.00","-75529.00","564394.00","488865.00"
"115/08/18","114","1","2303","聯電","23825705.00","-10505657.00","-13776089.00","1809572.00","1353531.00","105000226.00","106353757.00"
"115/08/18","114","1","2305","全友","26232.00","-17205.00","-21300.00","10148.00","-2125.00","526750.00","524625.00"
"115/08/18","114","1","2308","台達電","16266606.00","-11843464.00","14638384.00","3770320.00","22831846.00","117459250.00","140291096.00"
"115/08/18","114","1","2312","金寶","2539155.00","-1291363.00","5146523.00","958679.00","7352994.00","9787176.00","17140170.00"
"115/08/18","114","1","2313","華通","1948224.00","-1807973.00","1094046.00","167606.00","1401903.00","11152324.00","12554227.00"
"115/08/18","114","1","2314","台揚","-150214.00","-18199.00","-26220.00","1786.00","-192847.00","587755.00","394908.00"
"115/08/18","114","1","2316","楠梓電","80017.00","-342068.00","40675.00","12665.00","-208711.00","1192816.00","984105.00"
"115/08/18","114","1","2317","鴻海","-51063465.00","-63552956.00","93552135.00","13239487.00","-7824799.00","937108093.00","929283294.00"
"115/08/18","114","1","2321","東訊","-29598.00","-11456.00","-38023.00","--","-79077.00","225484.00","146407.00"
"115/08/18","114","1","2323","中環","-1144701.00","-148580.00","467696.00","37020.00","-788565.00","2637373.00","1848808.00"
"115/08/18","114","1","2324","仁寶","14966872.00","-1976763.00","-10013694.00","1578182.00","4554597.00","78947882.00","83502479.00"
"115/08/18","114","1","2327","國巨*","7334424.00","-1087723.00","-1961927.00","971778.00","5256552.00","61117610.00","66374162.00"
"115/08/18","114","1","2328","廣宇","-447386.00","542616.00","-175833.00","102074.00","21471.00","6754713.00","6776184.00"
"115/08/18","114","1","2329","華泰","171266.00","-604757.00","-50669.00","2059.00","-482101.00","4445344.00","3963243.00"
"115/08/18","114","1","2330","台積電","625573672.00","-290192426.00","-84665592.00","16461553.00","267177207.00","2127627043.00","2394804250.00"
"115/08/18","114","1","2331","精英","301013.00","-600333.00","-65133.00","-3244.00","-367697.00","4407477.00","4039780.00"
"115/08/18","114","1","2332","友訊","-6156.00","-73576.00","-100695.00","323628.00","143201.00","4416806.00","4560007.00"
"115/08/18","114","1","2337","旺宏","-402151.00","-593165.00","1816644.00","131048.00","952376.00","11623489.00","12575865.00"
"115/08/18","114","1","2338","光罩","518876.00","-751884.00","29601.00","6964.00","-196443.00","1430542.00","1234099.00"
"115/08/18","114","1","2340","台亞","-448628.00","-171678.00","656449.00","--","36143.00","2296957.00","2333100.00"
"115/08/18","114","1","2342","茂矽","103377.00","-34413.00","-42684.00","--","26280.00","891333.00","917613.00"
"115/08/18","114","1","2344","華邦電","392681.00","-2045206.00","5456635.00","473983.00","4278093.00","14100396.00","18378489.00"
"115/08/18","114","1","2345","智邦","4077598.00","1116498.00","55141.00","109382.00","5358619.00","18693890.00","24052509.00"
"115/08/18","114","1","2347","聯強","12193311.00","-2781944.00","-19059287.00","1583508.00","-8064412.00","25817640.00","17753228.00"
"115/08/18","114","1","2348","海悅","-520324.00","-103022.00","275105.00","--","-348241.00","5763516.00","5415275.00"
"115/08/18","114","1","2349","錸德","-502252.00","-429091.00","539799.00","80728.00","-310816.00","3972713.00","3661897.00"
"115/08/18","114","1","2351","順德","51256.00","-192109.00","-3335.00","1640.00","-142548.00","1072607.00","930059.00"
"115/08/18","114","1","2352","佳世達","896015.00","-2394040.00","-141755.00","412217.00","-1227563.00","26154034.00","24926471.00"
"115/08/18","114","1","2353","宏��","955403.00","-4387668.00","251274.00","1276204.00","-1904787.00","37664975.00","35760188.00"
"115/08/18","114","1","2354","鴻準","748703.00","-213386.00","7506.00","233419.00","776242.00","9918179.00","10694421.00"
"115/08/18","114","1","2355","敬鵬","301795.00","-997528.00","-69087.00","37546.00","-727274.00","2964354.00","2237080.00"
"115/08/18","114","1","2356","英業達","-512522.00","-4140262.00","3985786.00","343793.00","-323205.00","30933801.00","30610596.00"
"115/08/18","114","1","2357","華碩","13206678.00","-605240.00","2854115.00","2051773.00","17507326.00","94037992.00","111545318.00"
"115/08/18","114","1","2359","所羅門","75284.00","-56250.00","8188.00","11808.00","39030.00","1803115.00","1842145.00"
"115/08/18","114","1","2360","致茂","1955983.00","12422.00","-1199440.00","19102.00","788067.00","4099223.00","4887290.00"
"115/08/18","114","1","2362","藍天","-440269.00","489651.00","862724.00","7071.00","919177.00","8008624.00","8927801.00"
"115/08/18","114","1","2363","矽統","129569.00","159823.00","14307.00","2330.00","306029.00","1624235.00","1930264.00"
"115/08/18","114","1","2364","倫飛","48514.00","-74099.00","-45454.00","-706.00","-71745.00","490294.00","418549.00"
"115/08/18","114","1","2365","昆盈","35427.00","37843.00","-7528.00","8613.00","74355.00","1257591.00","1331946.00"
"115/08/18","114","1","2367","燿華","854456.00","-492147.00","248350.00","28431.00","639090.00","1089232.00","1728322.00"
"115/08/18","114","1","2368","金像電","275740.00","-1001663.00","718624.00","289522.00","282223.00","9184576.00","9466799.00"
"115/08/18","114","1","2369","菱生","40374.00","-69986.00","7384.00","5131.00","-17097.00","1544076.00","1526979.00"
"115/08/18","114","1","2371","大同","579818.00","-1660389.00","-2160179.00","60960.00","-3179790.00","29851112.00","26671322.00"
"115/08/18","114","1","2373","震旦行","-117039.00","-140499.00","-137247.00","40536.00","-354249.00","2905080.00","2550831.00"
"115/08/18","114","1","2374","佳能","37274.00","-44581.00","-1051.00","55822.00","47464.00","2388925.00","2436389.00"
"115/08/18","114","1","2375","凱美","182302.00","1197966.00","-981769.00","22745.00","421244.00","771192.00","1192436.00"
"115/08/18","114","1","2376","技嘉","2182672.00","-466447.00","19267770.00","150364.00","21134359.00","21499095.00","42633454.00"
"115/08/18","114","1","2377","微星","2216449.00","829722.00","-100595.00","309891.00","3255467.00","23043395.00","26298862.00"
"115/08/18","114","1","2379","瑞昱","7711768.00","-11391796.00","-659529.00","95178.00","-4244379.00","14812459.00","10568080.00"
"115/08/18","114","1","2380","虹光","5933.00","-13099.00","-16981.00","17844.00","-6303.00","353928.00","347625.00"
"115/08/18","114","1","2382","廣達","-34535096.00","-10345538.00","50933934.00","1700150.00","7753450.00","163992166.00","171745616.00"
"115/08/18","114","1","2383","台光電","2144233.00","-2608811.00","3657745.00","245261.00","3438428.00","14988308.00","18426736.00"
"115/08/18","114","1","2385","群光","2213581.00","-1163572.00","-190367.00","837815.00","1697457.00","26185305.00","27882762.00"
"115/08/18","114","1","2387","精元","186074.00","-258903.00","-116547.00","98400.00","-90976.00","5345529.00","5254553.00"
"115/08/18","114","1","2388","威盛","-366869.00","-452328.00","-209862.00","95876.00","-933183.00","15638886.00","14705703.00"
"115/08/18","114","1","2390","云辰","-30024.00","53326.00","-51287.00","1874.00","-26111.00","464105.00","437994.00"
"115/08/18","114","1","2392","正崴","2788016.00","-8047645.00","7503011.00","-41231.00","2202151.00","17806585.00","20008736.00"
"115/08/18","114","1","2393","億光","556280.00","-879578.00","13438.00","81459.00","-228401.00","5820316.00","5591915.00"
"115/08/18","114","1","2395","研華","2464339.00","-846391.00","-457991.00","494338.00","1654295.00","13617045.00","15271340.00"
"115/08/18","114","1","2397","友通","60890.00","-24478.00","-355475.00","49728.00","-269335.00","2512850.00","2243515.00"
"115/08/18","114","1","2399","映泰","-53518.00","34997.00","-160.00","34268.00","15587.00","892390.00","907977.00"
"115/08/18","114","1","2401","凌陽","16840.00","-141513.00","-19288.00","5997.00","-137964.00","4919087.00","4781123.00"
"115/08/18","114","1","2402","毅嘉","343543.00","-107513.00","708330.00","47372.00","991732.00","1824716.00","2816448.00"
"115/08/18","114","1","2404","漢唐","7468162.00","-3704314.00","-25992.00","61746.00","3799602.00","11648594.00","15448196.00"
"115/08/18","114","1","2405","輔信","35859.00","-11311.00","-15940.00","13909.00","22517.00","932327.00","954844.00"
"115/08/18","114","1","2406","國碩","645541.00","-302739.00","-261164.00","18474.00","100112.00","1950631.00","2050743.00"
"115/08/18","114","1","2408","南亞科","-1821796.00","-7122070.00","8857423.00","786284.00","699841.00","61902779.00","62602620.00"
"115/08/18","114","1","2409","友達","1734707.00","-5120818.00","1470814.00","886682.00","-1028615.00","68446514.00","67417899.00"
"115/08/18","114","1","2412","中華電","12951016.00","-19143397.00","-1058516.00","39047.00","-7211850.00","36259689.00","29047839.00"
"115/08/18","114","1","2413","環科","195586.00","3992.00","-138605.00","-1658.00","59315.00","729576.00","788891.00"
"115/08/18","114","1","2414","精技","782082.00","-430295.00","-821780.00","11399.00","-458594.00","1141047.00","682453.00"
"115/08/18","114","1","2415","錩新","-769216.00","-317122.00","1043690.00","9903.00","-32745.00","477489.00","444744.00"
"115/08/18","114","1","2417","圓剛","-29791.00","-28303.00","-25499.00","21142.00","-62451.00","2379750.00","2317299.00"
"115/08/18","114","1","2419","仲琦","386056.00","14662.00","610596.00","-26796.00","984518.00","2352742.00","3337260.00"
"115/08/18","114","1","2420","新巨","170181.00","29930.00","-12915.00","10600.00","197796.00","1054027.00","1251823.00"
"115/08/18","114","1","2421","建準","644872.00","-158084.00","64208.00","49786.00","600782.00","4678438.00","5279220.00"
"115/08/18","114","1","2423","固緯","144083.00","-31913.00","-21440.00","29066.00","119796.00","482256.00","602052.00"
"115/08/18","114","1","2424","隴華","20122.00","3637.00","-22305.00","2415.00","3869.00","136686.00","140555.00"
"115/08/18","114","1","2425","承啟","-36119.00","-1275.00","22401.00","24836.00","9843.00","1824537.00","1834380.00"
"115/08/18","114","1","2426","鼎元","46175.00","14761.00","-55022.00","-2139.00","3775.00","1096429.00","1100204.00"
"115/08/18","114","1","2427","三商電","136504.00","15355.00","-267616.00","547.00","-115210.00","513975.00","398765.00"
"115/08/18","114","1","2428","興勤","357564.00","-191369.00","-64238.00","61385.00","163342.00","3069921.00","3233263.00"
"115/08/18","114","1","2429","銘旺科","48383.00","-241096.00","133720.00","0.00","-58993.00","440872.00","381879.00"
"115/08/18","114","1","2430","燦坤","399864.00","-41901.00","-260835.00","-166.00","96962.00","1369842.00","1466804.00"
"115/08/18","114","1","2431","聯昌","-21375.00","-64981.00","-8881.00","6291.00","-88946.00","736149.00","647203.00"
"115/08/18","114","1","2432","倚天酷��-創","-13285.00","-4655.00","-1276.00","1788.00","-17428.00","1107398.00","1089970.00"
"115/08/18","114","1","2433","互盛電","295978.00","-266521.00","-111083.00","34319.00","-47307.00","732139.00","684832.00"
"115/08/18","114","1","2434","統懋","-4905.00","87701.00","-64791.00","-144.00","17861.00","40161.00","58022.00"
"115/08/18","114","1","2436","偉詮電","104946.00","-222552.00","-125846.00","4642.00","-238810.00","874562.00","635752.00"
"115/08/18","114","1","2438","翔耀","-77877.00","-50823.00","108145.00","--","-20555.00","164465.00","143910.00"
"115/08/18","114","1","2439","美律","2881214.00","-448741.00","-230179.00","127332.00","2329626.00","8586894.00","10916520.00"
"115/08/18","114","1","2440","太空梭","-77325.00","-3870.00","152690.00","17854.00","89349.00","264876.00","354225.00"
"115/08/18","114","1","2441","超豐","1239979.00","-801375.00","-3015.00","14743.00","450332.00","6615015.00","7065347.00"
"115/08/18","114","1","2442","新美齊","-721625.00","-116349.00","703833.00","3066.00","-131075.00","1577508.00","1446433.00"
"115/08/18","114","1","2444","兆勁","-67602.00","-17907.00","-62807.00","--","-148316.00","641847.00","493531.00"
"115/08/18","114","1","2449","京元電子","983719.00","13777414.00","-9120180.00","757376.00","6398329.00","13602621.00","20000950.00"
"115/08/18","114","1","2450","神腦","-326746.00","-14732.00","-75820.00","1.00","-417297.00","1897404.00","1480107.00"
"115/08/18","114","1","2451","創見","692870.00","-732613.00","-2298.00","23401.00","-18640.00","1970580.00","1951940.00"
"115/08/18","114","1","2453","凌群","-118075.00","-5047.00","-15188.00","1978.00","-136332.00","733387.00","597055.00"
"115/08/18","114","1","2454","聯發科","13422960.00","-7533380.00","-16140055.00","2243629.00","-8006846.00","203695892.00","195689046.00"
"115/08/18","114","1","2455","全新","180995.00","-99624.00","-100976.00","2116.00","-17489.00","1175832.00","1158343.00"
"115/08/18","114","1","2457","飛宏","-82324.00","-705705.00","2002635.00","45900.00","1260506.00","4302601.00","5563107.00"
"115/08/18","114","1","2458","義隆","600967.00","269019.00","11203.00","1049.00","882238.00","3272637.00","4154875.00"
"115/08/18","114","1","2459","敦吉","196690.00","106946.00","-420755.00","38226.00","-78893.00","996940.00","918047.00"
"115/08/18","114","1","2460","建通","5018.00","-78957.00","2078.00","36136.00","-35725.00","776631.00","740906.00"
"115/08/18","114","1","2461","光群雷","-42591.00","-266255.00","223869.00","57227.00","-27750.00","1086973.00","1059223.00"
"115/08/18","114","1","2462","良得電","37257.00","-15314.00","221946.00","-57722.00","186167.00","698893.00","885060.00"
"115/08/18","114","1","2464","盟立","-310125.00","-40500.00","52352.00","7284.00","-290989.00","1720776.00","1429787.00"
"115/08/18","114","1","2465","麗臺","125664.00","1484.00","129059.00","7605.00","263812.00","433028.00","696840.00"
"115/08/18","114","1","2466","冠西電","12804.00","-4354.00","26856.00","-12301.00","23005.00","105101.00","128106.00"
"115/08/18","114","1","2467","志聖","36273.00","-476358.00","355099.00","24565.00","-60421.00","1930703.00","1870282.00"
"115/08/18","114","1","2468","華經","-351474.00","-12412.00","-2065.00","248.00","-365703.00","588933.00","223230.00"
"115/08/18","114","1","2471","資通","-3204.00","-3277.00","-4982.00","--","-11463.00","600361.00","588898.00"
"115/08/18","114","1","2472","立隆電","785238.00","-581496.00","-188758.00","116923.00","131907.00","4049216.00","4181123.00"
"115/08/18","114","1","2474","可成","751959.00","-11805944.00","-9369762.00","426875.00","-19996872.00","50364287.00","30367415.00"
"115/08/18","114","1","2476","鉅祥","108010.00","-183294.00","-130725.00","140959.00","-65050.00","3522837.00","3457787.00"
"115/08/18","114","1","2477","美隆電","7256.00","-191846.00","-88893.00","43137.00","-230346.00","1965727.00","1735381.00"
"115/08/18","114","1","2478","大毅","335955.00","-236809.00","-70171.00","60685.00","89660.00","1736389.00","1826049.00"
"115/08/18","114","1","2480","敦陽科","13953.00","-2394.00","-73412.00","6055.00","-55798.00","1174515.00","1118717.00"
"115/08/18","114","1","2481","強茂","-183179.00","-87528.00","125825.00","81947.00","-62935.00","2361159.00","2298224.00"
"115/08/18","114","1","2482","連宇","-6454.00","-7873.00","-2445.00","1708.00","-15064.00","639319.00","624255.00"
"115/08/18","114","1","2483","百容","57232.00","-46120.00","9646.00","4985.00","25743.00","334634.00","360377.00"
"115/08/18","114","1","2484","希華","43847.00","-28623.00","-61586.00","13190.00","-33172.00","684901.00","651729.00"
"115/08/18","114","1","2485","兆赫","-123410.00","-8775.00","-623.00","22778.00","-110030.00","1428521.00","1318491.00"
"115/08/18","114","1","2486","一詮","289359.00","-865936.00","628994.00","38401.00","90818.00","1354616.00","1445434.00"
"115/08/18","114","1","2488","漢平","226373.00","81559.00","8704.00","17642.00","334278.00","654346.00","988624.00"
"115/08/18","114","1","2489","瑞軒","630991.00","-791648.00","-71183.00","51590.00","-180250.00","4793612.00","4613362.00"
"115/08/18","114","1","2491","吉祥全","-35108.00","15638.00","-5136.00","-264.00","-24870.00","115817.00","90947.00"
"115/08/18","114","1","2492","華新科","1768466.00","-833343.00","289962.00","231696.00","1456781.00","7943241.00","9400022.00"
"115/08/18","114","1","2493","揚博","41228.00","-86953.00","-36125.00","24733.00","-57117.00","875419.00","818302.00"
"115/08/18","114","1","2495","普安","20250.00","279218.00","-334566.00","146.00","-34952.00","221877.00","186925.00"
"115/08/18","114","1","2496","卓越","-14709.00","-27394.00","-2411.00","40.00","-44474.00","240225.00","195751.00"
"115/08/18","114","1","2497","怡利電","216149.00","-27567.00","41411.00","25028.00","255021.00","764340.00","1019361.00"
"115/08/18","114","1","2498","宏達電","-1574973.00","14015175.00","351918.00","559610.00","13351730.00","14239209.00","27590939.00"
"115/08/18","114","1","2501","國建","625487.00","39995.00","-413120.00","--","252362.00","6775388.00","7027750.00"
"115/08/18","114","1","2504","國產","1084160.00","-940577.00","979661.00","34590.00","1157834.00","2991681.00","4149515.00"
"115/08/18","114","1","2505","國揚","34983.00","17379.00","-58162.00","0.00","-5800.00","2257783.00","2251983.00"
"115/08/18","114","1","2506","太設","-26111.00","-34735.00","-11715.00","4102.00","-68459.00","687368.00","618909.00"
"115/08/18","114","1","2509","全坤建","-445386.00","21822.00","175377.00","6854.00","-241333.00","1118711.00","877378.00"
"115/08/18","114","1","2511","太子","-206855.00","-512400.00","-192203.00","--","-911458.00","8367153.00","7455695.00"
"115/08/18","114","1","2514","龍邦","-966005.00","86078.00","-40911.00","25682.00","-895156.00","5675473.00","4780317.00"
"115/08/18","114","1","2515","中工","-2761922.00","780908.00","306536.00","-178795.00","-1853273.00","5124515.00","3271242.00"
"115/08/18","114","1","2516","新建","-233359.00","21727.00","-62312.00","4297.00","-269647.00","1568475.00","1298828.00"
"115/08/18","114","1","2520","冠德","-465893.00","31764.00","151762.00","19.00","-282348.00","18207129.00","17924781.00"
"115/08/18","114","1","2524","京城","779618.00","-995327.00","-932389.00","0.00","-1148098.00","3000245.00","1852147.00"
"115/08/18","114","1","2527","宏璟","-720158.00","9677.00","431029.00","3018.00","-276434.00","1331404.00","1054970.00"
"115/08/18","114","1","2528","皇普","1622557.00","-70175.00","-1517413.00","--","34969.00","1601753.00","1636722.00"
"115/08/18","114","1","2530","華建","-420879.00","-982.00","358846.00","--","-63015.00","935773.00","872758.00"
"115/08/18","114","1","2534","宏盛","967461.00","-20868.00","-149393.00","384.00","797584.00","1198451.00","1996035.00"
"115/08/18","114","1","2535","達欣工","809001.00","297985.00","-397270.00","6308.00","716024.00","5023905.00","5739929.00"
"115/08/18","114","1","2536","宏普","921442.00","-35135.00","-708775.00","--","177532.00","1422876.00","1600408.00"
"115/08/18","114","1","2537","聯上發","-476626.00","-25580.00","383196.00","--","-119010.00","490709.00","371699.00"
"115/08/18","114","1","2538","基泰","231504.00","796885.00","-367549.00","--","660840.00","1184676.00","1845516.00"
"115/08/18","114","1","2539","櫻花建","2053558.00","2165.00","577330.00","--","2633053.00","1498932.00","4131985.00"
"115/08/18","114","1","2540","愛山林","-3977307.00","-603292.00","6480897.00","--","1900298.00","3415318.00","5315616.00"
"115/08/18","114","1","2542","興富發","-4640768.00","-12739.00","3326804.00","0.00","-1326703.00","17889104.00","16562401.00"
"115/08/18","114","1","2543","皇昌","-27018.00","-713545.00","2026610.00","--","1286047.00","806965.00","2093012.00"
"115/08/18","114","1","2545","皇翔","-1272112.00","-5036.00","38230.00","--","-1238918.00","2223143.00","984225.00"
"115/08/18","114","1","2546","根基","862742.00","4062.00","-104447.00","--","762357.00","4634266.00","5396623.00"
"115/08/18","114","1","2547","日勝生","-776763.00","4396584.00","-1838569.00","51.00","1781303.00","2532126.00","4313429.00"
"115/08/18","114","1","2548","華固","-1473345.00","-505206.00","-186880.00","1532.00","-2163899.00","3754611.00","1590712.00"
"115/08/18","114","1","2597","潤弘","1109516.00","-194532.00","-3719.00","--","911265.00","2506611.00","3417876.00"
"115/08/18","114","1","2601","益航","-29873.00","-8734.00","-342209.00","17458.00","-363358.00","1123799.00","760441.00"
"115/08/18","114","1","2603","長榮","41348115.00","-22742934.00","-2637892.00","2649396.00","18616685.00","253369890.00","271986575.00"
"115/08/18","114","1","2605","新興","391263.00","-31548.00","-12482.00","48105.00","395338.00","3098099.00","3493437.00"
"115/08/18","114","1","2606","裕民","1231797.00","-4425374.00","237324.00","197214.00","-2759039.00","17859129.00","15100090.00"
"115/08/18","114","1","2607","榮運","1428031.00","-2268636.00","-113087.00","-140748.00","-1094440.00","8499326.00","7404886.00"
"115/08/18","114","1","2608","嘉里大榮","369344.00","-200024.00","201465.00","--","370785.00","1648821.00","2019606.00"
"115/08/18","114","1","2609","陽明","6371656.00","28337355.00","-2667627.00","2198981.00","34240365.00","165501879.00","199742244.00"
"115/08/18","114","1","2610","華航","6900752.00","-6477008.00","-5644373.00","34460.00","-5186169.00","66648640.00","61462471.00"
"115/08/18","114","1","2611","志信","18225.00","-230917.00","-31665.00","--","-244357.00","1043765.00","799408.00"
"115/08/18","114","1","2612","中航","431882.00","-136987.00","-93047.00","38838.00","240686.00","4360635.00","4601321.00"
"115/08/18","114","1","2613","中櫃","234084.00","-137914.00","-110155.00","--","-13985.00","755321.00","741336.00"
"115/08/18","114","1","2614","東森","292227.00","-21560.00","-274800.00","488.00","-3645.00","2473386.00","2469741.00"
"115/08/18","114","1","2615","萬海","13321846.00","10530080.00","-257472.00","1835393.00","25429847.00","72691809.00","98121656.00"
"115/08/18","114","1","2616","山隆","-169642.00","-73373.00","1927.00","9442.00","-231646.00","1142051.00","910405.00"
"115/08/18","114","1","2617","台航","567009.00","-448772.00","-374715.00","6913.00","-249565.00","772044.00","522479.00"
"115/08/18","114","1","2618","長榮航","16452070.00","-6490286.00","-7183199.00","6989.00","2785574.00","74477791.00","77263365.00"
"115/08/18","114","1","2630","亞航","-922097.00","3807.00","919280.00","532.00","1522.00","155614.00","157136.00"
"115/08/18","114","1","2633","台灣高鐵","6793028.00","-4526048.00","-56600.00","9561.00","2219941.00","4287402.00","6507343.00"
"115/08/18","114","1","2634","漢翔","-3306393.00","-361201.00","3176921.00","11590.00","-479083.00","2808593.00","2329510.00"
"115/08/18","114","1","2636","台驊控股","781560.00","-832726.00","730451.00","161643.00","840928.00","6154901.00","6995829.00"
"115/08/18","114","1","2637","慧洋-KY","943747.00","-117586.00","-2938294.00","74854.00","-2037279.00","4430905.00","2393626.00"
"115/08/18","114","1","2642","宅配通","103672.00","-25574.00","-67179.00","60.00","10979.00","718642.00","729621.00"
"115/08/18","114","1","2645","長榮航太","931624.00","-64980.00","-151406.00","--","715238.00","4471379.00","5186617.00"
"115/08/18","114","1","2646","星宇航空","1757061.00","-8512128.00","1785733.00","14133.00","-4955201.00","16041913.00","11086712.00"
"115/08/18","114","1","2701","萬企","49980.00","-30910.00","-701.00","--","18369.00","256151.00","274520.00"
"115/08/18","114","1","2702","華園","125237.00","-234061.00","-51297.00","17977.00","-142144.00","2457532.00","2315388.00"
"115/08/18","114","1","2704","國賓","-59479.00","-569654.00","189006.00","--","-440127.00","3232270.00","2792143.00"
"115/08/18","114","1","2705","六福","31138.00","-82841.00","47225.00","428.00","-4050.00","322009.00","317959.00"
"115/08/18","114","1","2706","第一店","62224.00","-60310.00","-176.00","--","1738.00","224214.00","225952.00"
"115/08/18","114","1","2707","晶華","172191.00","-1028945.00","-99208.00","12597.00","-943365.00","1211948.00","268583.00"
"115/08/18","114","1","2712","遠雄來","-6580.00","-4145.00","-1177.00","--","-11902.00","98167.00","86265.00"
"115/08/18","114","1","2722","夏都","-23158.00","-215284.00","37950.00","--","-200492.00","387618.00","187126.00"
"115/08/18","114","1","2723","美食-KY","660460.00","-17697.00","-342720.00","30548.00","330591.00","4132301.00","4462892.00"
"115/08/18","114","1","2727","王品","701022.00","-410015.00","-335505.00","26727.00","-17771.00","2890663.00","2872892.00"
"115/08/18","114","1","2731","雄獅","577771.00","-41198.00","-25271.00","10991.00","522293.00","4980668.00","5502961.00"
"115/08/18","114","1","2739","寒舍","426447.00","-29951.00","-264625.00","--","131871.00","202905.00","334776.00"
"115/08/18","114","1","2748","雲品","32142.00","-30105.00","-35488.00","8208.00","-25243.00","796006.00","770763.00"
"115/08/18","114","1","2753","八方雲集","299128.00","86388.00","-247327.00","9103.00","147292.00","962149.00","1109441.00"
"115/08/18","114","1","2762","世界健身-KY","627694.00","-403669.00","-12311.00","-214.00","211500.00","569661.00","781161.00"
"115/08/18","114","1","2901","欣欣","2396.00","2132.00","-767.00","--","3761.00","457179.00","460940.00"
"115/08/18","114","1","2903","遠百","-3032478.00","28742.00","-1430414.00","17341.00","-4416809.00","19337818.00","14921009.00"
"115/08/18","114","1","2904","匯僑","76089.00","-36105.00","-33170.00","558.00","7372.00","190930.00","198302.00"
"115/08/18","114","1","2906","高林","107602.00","-226019.00","112931.00","11981.00","6495.00","796031.00","802526.00"
"115/08/18","114","1","2908","特力","-328073.00","-37071.00","214349.00","60982.00","-89813.00","2570927.00","2481114.00"
"115/08/18","114","1","2910","統領","20884.00","-32071.00","2546.00","--","-8641.00","116279.00","107638.00"
"115/08/18","114","1","2911","麗嬰房","-50818.00","-25217.00","-480838.00","8239.00","-548634.00","805448.00","256814.00"
"115/08/18","114","1","2912","統一超","6851928.00","-9395250.00","5225246.00","538647.00","3220571.00","51267712.00","54488283.00"
"115/08/18","114","1","2913","農林","-4335.00","-12055.00","18853.00","--","2463.00","54761.00","57224.00"
"115/08/18","114","1","2915","潤泰全","162545.00","33860.00","69530.00","47729.00","313664.00","3858445.00","4172109.00"
"115/08/18","114","1","2923","鼎固-KY","-1222881.00","376005.00","-391287.00","139103.00","-1099060.00","7349878.00","6250818.00"
"115/08/18","114","1","2929","淘帝-KY","81351.00","-896931.00","0.00","37266.00","-778314.00","1990273.00","1211959.00"
"115/08/18","114","1","2939","永邑-KY","-22892.00","-41716.00","-886.00","1427.00","-64067.00","199847.00","135780.00"
"115/08/18","114","1","2945","三商家購","113920.00","-129418.00","-28621.00","--","-44119.00","472471.00","428352.00"
"115/08/18","114","1","3002","歐格","-47515.00","143365.00","1895.00","9661.00","107406.00","452097.00","559503.00"
"115/08/18","114","1","3003","健和興","-83991.00","274.00","-72627.00","6938.00","-149406.00","2876550.00","2727144.00"
"115/08/18","114","1","3004","豐達科","157169.00","-170893.00","15720.00","5575.00","7571.00","181167.00","188738.00"
"115/08/18","114","1","3005","神基","-8304.00","-428561.00","-33033.00","172140.00","-297758.00","14371963.00","14074205.00"
"115/08/18","114","1","3006","晶豪科","-329674.00","-215376.00","135777.00","2733.00","-406540.00","4485019.00","4078479.00"
"115/08/18","114","1","3008","大立光","9830081.00","-2457432.00","5263.00","855748.00","8233660.00","113658347.00","121892007.00"
"115/08/18","114","1","3010","華立","2298253.00","-416462.00","-975405.00","283469.00","1189855.00","4666206.00","5856061.00"
"115/08/18","114","1","3011","今皓","-61069.00","-43753.00","4233.00","4415.00","-96174.00","332194.00","236020.00"
"115/08/18","114","1","3013","晟銘電","268657.00","-252543.00","-1274.00","14387.00","29227.00","977987.00","1007214.00"
"115/08/18","114","1","3014","聯陽","339595.00","-85315.00","-1673.00","-174.00","252433.00","3512546.00","3764979.00"
"115/08/18","114","1","3015","全漢","33021.00","-3884.00","-68951.00","23983.00","-15831.00","3879851.00","3864020.00"
"115/08/18","114","1","3016","嘉晶","130527.00","-207772.00","-48275.00","654.00","-124866.00","2638148.00","2513282.00"
"115/08/18","114","1","3017","奇鋐","5705132.00","-2213122.00","472525.00","603890.00","4568425.00","29923508.00","34491933.00"
"115/08/18","114","1","3018","隆銘綠能","-102435.00","15642.00","26422.00","-227.00","-60598.00","113225.00","52627.00"
"115/08/18","114","1","3019","亞光","129000.00","-192054.00","-89940.00","189805.00","36811.00","13141780.00","13178591.00"
"115/08/18","114","1","3021","鴻名","-31507.00","-1649.00","95421.00","29892.00","92157.00","946019.00","1038176.00"
"115/08/18","114","1","3022","威強電","434936.00","873474.00","-1837.00","12632.00","1319205.00","2953969.00","4273174.00"
"115/08/18","114","1","3023","信邦","923444.00","-230507.00","-508531.00","180286.00","364692.00","5831556.00","6196248.00"
"115/08/18","114","1","3024","憶聲","248015.00","-34467.00","-113425.00","14513.00","114636.00","950186.00","1064822.00"
"115/08/18","114","1","3025","星通","89259.00","8064.00","-829.00","2061.00","98555.00","239619.00","338174.00"
"115/08/18","114","1","3026","禾伸堂","468545.00","-60136.00","-179648.00","23553.00","252314.00","4502178.00","4754492.00"
"115/08/18","114","1","3027","盛達","94390.00","-28446.00","-120729.00","5886.00","-48899.00","660036.00","611137.00"
"115/08/18","114","1","3028","增你強","809191.00","52849.00","226747.00","56549.00","1145336.00","1717124.00","2862460.00"
"115/08/18","114","1","3029","零壹","12651.00","12783.00","-202359.00","7016.00","-169909.00","1772606.00","1602697.00"
"115/08/18","114","1","3030","德律","996686.00","-47999.00","-8526.00","24810.00","964971.00","873590.00","1838561.00"
"115/08/18","114","1","3031","佰鴻","6059.00","-33331.00","-9289.00","28864.00","-7697.00","776829.00","769132.00"
"115/08/18","114","1","3032","偉訓","-378758.00","848032.00","-676797.00","7687.00","-199836.00","2032809.00","1832973.00"
"115/08/18","114","1","3033","威健","-686999.00","-121520.00","596398.00","91668.00","-120453.00","2985318.00","2864865.00"
"115/08/18","114","1","3034","聯詠","5575882.00","-178493.00","-951822.00","13825.00","4459392.00","48770810.00","53230202.00"
"115/08/18","114","1","3035","智原","-1167607.00","-389060.00","-13055.00","52786.00","-1516936.00","8310879.00","6793943.00"
"115/08/18","114","1","3036","文曄","12819844.00","-1134470.00","-8226262.00","331407.00","3790519.00","39727726.00","43518245.00"
"115/08/18","114","1","3037","欣興","2991482.00","-6780423.00","3975021.00","203670.00","389750.00","43753285.00","44143035.00"
"115/08/18","114","1","3038","全台","166149.00","-93196.00","-52930.00","7163.00","27186.00","925775.00","952961.00"
"115/08/18","114","1","3040","遠見","14840.00","245561.00","307.00","2554.00","263262.00","67205.00","330467.00"
"115/08/18","114","1","3041","揚智","-64224.00","-4914.00","8142.00","6706.00","-54290.00","864528.00","810238.00"
"115/08/18","114","1","3042","晶技","812817.00","-539856.00","210481.00","34999.00","518441.00","3906374.00","4424815.00"
"115/08/18","114","1","3043","科風","46559.00","-171.00","1454.00","558.00","48400.00","278976.00","327376.00"
"115/08/18","114","1","3044","健鼎","3734576.00","-1943144.00","-991485.00","502440.00","1302387.00","28914238.00","30216625.00"
"115/08/18","114","1","3045","台灣大","9067341.00","-3456911.00","-5995161.00","51.00","-384680.00","11945684.00","11561004.00"
"115/08/18","114","1","3046","建��","143739.00","-77.00","8089.00","3854.00","155605.00","1517066.00","1672671.00"
"115/08/18","114","1","3047","訊舟","92145.00","-32410.00","-7520.00","8540.00","60755.00","1742021.00","1802776.00"
"115/08/18","114","1","3048","益登","-208893.00","-92173.00","-67657.00","120042.00","-248681.00","2552162.00","2303481.00"
"115/08/18","114","1","3049","精金","-49818.00","386.00","-113985.00","183.00","-163234.00","876347.00","713113.00"
"115/08/18","114","1","3050","鈺德","37026.00","-24964.00","-52992.00","10662.00","-30268.00","1222332.00","1192064.00"
"115/08/18","114","1","3051","力特","153000.00","-18739.00","-144555.00","-2827.00","-13121.00","148275.00","135154.00"
"115/08/18","114","1","3052","夆典","681639.00","-228166.00","-271650.00","0.00","181823.00","261867.00","443690.00"
"115/08/18","114","1","3054","立萬利","-5218.00","-2691.00","-65.00","-676.00","-8650.00","248178.00","239528.00"
"115/08/18","114","1","3055","蔚華科","-39889.00","-47598.00","24677.00","26012.00","-36798.00","1271021.00","1234223.00"
"115/08/18","114","1","3056","富華新","1957703.00","-835707.00","-273951.00","--","848045.00","5542298.00","6390343.00"
"115/08/18","114","1","3057","喬鼎","-30418.00","196130.00","-152226.00","4271.00","17757.00","362174.00","379931.00"
"115/08/18","114","1","3058","立德","1492.00","-224367.00","153774.00","3372.00","-65729.00","685120.00","619391.00"
"115/08/18","114","1","3059","華晶科","236902.00","-411325.00","-968901.00","54459.00","-1088865.00","5903018.00","4814153.00"
"115/08/18","114","1","3060","銘異","25641.00","200.00","-40785.00","28108.00","13164.00","760126.00","773290.00"
"115/08/18","114","1","3062","建漢","-259254.00","282630.00","-106034.00","12108.00","-70550.00","1204915.00","1134365.00"
"115/08/18","114","1","3090","日電貿","222880.00","-27386.00","-147918.00","3497.00","51073.00","888588.00","939661.00"
"115/08/18","114","1","3092","鴻碩","-64088.00","-325925.00","508132.00","-8901.00","109218.00","960832.00","1070050.00"
"115/08/18","114","1","3094","聯傑","-2548.00","-533.00","7952.00","1478.00","6349.00","666160.00","672509.00"
"115/08/18","114","1","3130","一零四","96548.00","-599764.00","-10553.00","1020.00","-512749.00","1260401.00","747652.00"
"115/08/18","114","1","3135","凌航","-310750.00","-14524.00","302778.00","114.00","-22382.00","92155.00","69773.00"
"115/08/18","114","1","3138","耀登","9946.00","323928.00","164260.00","13305.00","511439.00","891382.00","1402821.00"
"115/08/18","114","1","3149","正達","-183742.00","101806.00","-53609.00","2266.00","-133279.00","999623.00","866344.00"
"115/08/18","114","1","3150","鈺寶-創","35480.00","-35179.00","-1486.00","--","-1185.00","67545.00","66360.00"
"115/08/18","114","1","3164","景岳","31479.00","6772.00","-5794.00","281.00","32738.00","110513.00","143251.00"
"115/08/18","114","1","3167","大量","-158839.00","-89627.00","299061.00","29086.00","79681.00","276920.00","356601.00"
"115/08/18","114","1","3168","眾福科","63157.00","-5295.00","-3363.00","4984.00","59483.00","1305799.00","1365282.00"
"115/08/18","114","1","3189","景碩","1916310.00","-3269809.00","-451000.00","25433.00","-1779066.00","15365653.00","13586587.00"
"115/08/18","114","1","3209","全科","2666177.00","21529.00","-1765757.00","66311.00","988260.00","749056.00","1737316.00"
"115/08/18","114","1","3229","晟鈦","34242.00","-1521.00","-29994.00","--","2727.00","99396.00","102123.00"
"115/08/18","114","1","3231","緯創","-27224423.00","-5720126.00","29136511.00","657884.00","-3150154.00","79880425.00","76730271.00"
"115/08/18","114","1","3257","虹冠電","128929.00","-85489.00","49709.00","2135.00","95284.00","243281.00","338565.00"
"115/08/18","114","1","3266","昇陽","-639379.00","1984.00","-110906.00","--","-748301.00","1926083.00","1177782.00"
"115/08/18","114","1","3296","勝德","41025.00","-117756.00","-14768.00","26802.00","-64697.00","706507.00","641810.00"
"115/08/18","114","1","3305","昇貿","254003.00","-806893.00","1130298.00","18873.00","596281.00","1618744.00","2215025.00"
"115/08/18","114","1","3308","聯德","-14835.00","18736.00","-26650.00","3439.00","-19310.00","843920.00","824610.00"
"115/08/18","114","1","3311","閎暉","25102.00","-1424641.00","1440704.00","16721.00","57886.00","777477.00","835363.00"
"115/08/18","114","1","3312","弘憶股","-328995.00","-964340.00","800013.00","5470.00","-487852.00","2098460.00","1610608.00"
"115/08/18","114","1","3321","同泰","-17721.00","-24421.00","132083.00","13437.00","103378.00","220722.00","324100.00"
"115/08/18","114","1","3338","泰碩","-36753.00","-199638.00","-9205.00","21963.00","-223633.00","927358.00","703725.00"
"115/08/18","114","1","3346","麗清","-17301.00","-33841.00","-103308.00","79546.00","-74904.00","2383455.00","2308551.00"
"115/08/18","114","1","3356","奇偶","28955.00","-324960.00","-45795.00","5735.00","-336065.00","822093.00","486028.00"
"115/08/18","114","1","3376","新日興","1136716.00","-1552748.00","-10755.00","63744.00","-363043.00","2107388.00","1744345.00"
"115/08/18","114","1","3380","明泰","615093.00","-995.00","602181.00","80341.00","1296620.00","3957279.00","5253899.00"
"115/08/18","114","1","3406","玉晶光","1902318.00","-7944.00","-382457.00","116297.00","1628214.00","11173450.00","12801664.00"
"115/08/18","114","1","3413","京鼎","217565.00","-868446.00","-123194.00","67105.00","-706970.00","7526593.00","6819623.00"
"115/08/18","114","1","3416","融程電","98326.00","-234634.00","-1728.00","843.00","-137193.00","719244.00","582051.00"
"115/08/18","114","1","3419","譁裕","-39392.00","-10384.00","60785.00","12720.00","23729.00","335536.00","359265.00"
"115/08/18","114","1","3432","台端","-20166.00","8518.00","-253.00","1933.00","-9968.00","196040.00","186072.00"
"115/08/18","114","1","3437","榮創","-73528.00","118359.00","-278.00","2511.00","47064.00","1225968.00","1273032.00"
"115/08/18","114","1","3443","創意","-436145.00","-488089.00","-25632.00","21730.00","-928136.00","10427431.00","9499295.00"
"115/08/18","114","1","3447","展達","133484.00","-9857.00","-4914.00","2803.00","121516.00","881229.00","1002745.00"
"115/08/18","114","1","3450","聯鈞","645904.00","-287358.00","301447.00","54031.00","714024.00","3138394.00","3852418.00"
"115/08/18","114","1","3481","群創","-361105.00","1789343.00","-8852664.00","731110.00","-6693316.00","55288631.00","48595315.00"
"115/08/18","114","1","3494","誠研","-94723.00","-5270.00","26155.00","-98.00","-73936.00","222394.00","148458.00"
"115/08/18","114","1","3501","維熹","145075.00","-170548.00","223985.00","84970.00","283482.00","1710510.00","1993992.00"
"115/08/18","114","1","3504","揚明光","77650.00","-5877.00","-10236.00","15806.00","77343.00","1018824.00","1096167.00"
"115/08/18","114","1","3515","華擎","-281650.00","-36003.00","659299.00","56332.00","397978.00","3581001.00","3978979.00"
"115/08/18","114","1","3518","柏騰","-240779.00","-83049.00","-6277.00","13797.00","-316308.00","1069070.00","752762.00"
"115/08/18","114","1","3528","安馳","636680.00","14088.00","345063.00","--","995831.00","1889754.00","2885585.00"
"115/08/18","114","1","3530","晶相光","59912.00","-9773.00","-2076.00","1876.00","49939.00","817302.00","867241.00"
"115/08/18","114","1","3532","台勝科","-54381.00","-714252.00","-1438054.00","6353.00","-2200334.00","4691406.00","2491072.00"
"115/08/18","114","1","3533","嘉澤","3436000.00","-1169853.00","-1514441.00","298506.00","1050212.00","18658882.00","19709094.00"
"115/08/18","114","1","3535","晶彩科","-19306.00","246592.00","-3763.00","1891.00","225414.00","197401.00","422815.00"
"115/08/18","114","1","3543","州巧","-89246.00","-100097.00","-16733.00","-1286.00","-207362.00","1120889.00","913527.00"
"115/08/18","114","1","3545","敦泰","-1183287.00","360567.00","-1063648.00","55020.00","-1831348.00","8247879.00","6416531.00"
"115/08/18","114","1","3550","聯穎","-58236.00","-8465.00","-77534.00","43011.00","-101224.00","879109.00","777885.00"
"115/08/18","114","1","3557","嘉威","-47328.00","-342372.00","345817.00","12823.00","-31060.00","371600.00","340540.00"
"115/08/18","114","1","3563","牧德","179237.00","-39835.00","310.00","4939.00","144651.00","770992.00","915643.00"
"115/08/18","114","1","3576","聯合再生","-298014.00","-218762.00","-471321.00","-4746.00","-992843.00","6780159.00","5787316.00"
"115/08/18","114","1","3583","辛耘","-20007.00","-378748.00","-609169.00","32276.00","-975648.00","7014917.00","6039269.00"
"115/08/18","114","1","3588","通嘉","52692.00","-10322.00","-3008.00","9835.00","49197.00","493439.00","542636.00"
"115/08/18","114","1","3591","艾笛森","20402.00","-46960.00","-5450.00","13143.00","-18865.00","1140781.00","1121916.00"
"115/08/18","114","1","3592","瑞鼎","-54654.00","11854.00","-65875.00","1365.00","-107310.00","5485507.00","5378197.00"
"115/08/18","114","1","3593","力銘","42000.00","-2634.00","-41350.00","557.00","-1427.00","57724.00","56297.00"
"115/08/18","114","1","3596","智易","1248584.00","-179512.00","-689186.00","-7967.00","371919.00","8156296.00","8528215.00"
"115/08/18","114","1","3605","宏致","368781.00","-200576.00","-118680.00","118442.00","167967.00","2000889.00","2168856.00"
"115/08/18","114","1","3607","谷崧","86289.00","-16437.00","-22297.00","19854.00","67409.00","564020.00","631429.00"
"115/08/18","114","1","3617","碩天","368424.00","-209713.00","-190352.00","27113.00","-4528.00","4529969.00","4525441.00"
"115/08/18","114","1","3622","洋華","32416.00","63204.00","1671.00","2422.00","99713.00","786149.00","885862.00"
"115/08/18","114","1","3645","達邁","70709.00","-29509.00","-74318.00","2480.00","-30638.00","427383.00","396745.00"
"115/08/18","114","1","3652","精聯","-21673.00","-417999.00","-7831.00","11399.00","-436104.00","972051.00","535947.00"
"115/08/18","114","1","3653","健策","1426597.00","-245557.00","-11961.00","21391.00","1190470.00","2267253.00","3457723.00"
"115/08/18","114","1","3661","世芯-KY","14081773.00","-3389344.00","99423.00","426790.00","11218642.00","27044210.00","38262852.00"
"115/08/18","114","1","3665","貿聯-KY","907551.00","-1119220.00","-570670.00","563826.00","-218513.00","10175676.00","9957163.00"
"115/08/18","114","1","3669","圓展","-8277.00","-16907.00","-5021.00","16262.00","-13943.00","1527225.00","1513282.00"
"115/08/18","114","1","3673","TPK-KY","-1827502.00","-5994658.00","2556298.00","613703.00","-4652159.00","44597083.00","39944924.00"
"115/08/18","114","1","3679","新至陞","240255.00","-111776.00","-115569.00","80287.00","93197.00","3351920.00","3445117.00"
"115/08/18","114","1","3686","達能","-2480.00","37725.00","-642.00","-420.00","34183.00","16450.00","50633.00"
"115/08/18","114","1","3694","海華","254581.00","-85053.00","-17870.00","34613.00","186271.00","2168875.00","2355146.00"
"115/08/18","114","1","3701","大眾控","-349240.00","428355.00","49979.00","116025.00","245119.00","2444233.00","2689352.00"
"115/08/18","114","1","3702","大聯大","-4794234.00","1011264.00","7132874.00","1123759.00","4473663.00","22688320.00","27161983.00"
"115/08/18","114","1","3703","欣陸","-3949766.00","-1180960.00","3750669.00","8375.00","-1371682.00","7084267.00","5712585.00"
"115/08/18","114","1","3704","合勤控","-935695.00","-11865.00","1470318.00","98349.00","621107.00","3241996.00","3863103.00"
"115/08/18","114","1","3705","永信","254836.00","35230.00","-109025.00","40418.00","221459.00","1834235.00","2055694.00"
"115/08/18","114","1","3706","神達","-4616527.00","-388239.00","2713215.00","43868.00","-2247683.00","8115965.00","5868282.00"
"115/08/18","114","1","3708","上緯投控","454122.00","-1033238.00","-67881.00","37048.00","-609949.00","2060652.00","1450703.00"
"115/08/18","114","1","3711","日月光投控","19973302.00","-37561401.00","16411484.00","1784079.00","607464.00","76492824.00","77100288.00"
"115/08/18","114","1","3712","永崴投控","176737.00","-6842686.00","7414623.00","81557.00","830231.00","7928276.00","8758507.00"
"115/08/18","114","1","3714","富采","475645.00","-916764.00","-748112.00","91566.00","-1097665.00","14677812.00","13580147.00"
"115/08/18","114","1","3715","定穎投控","284370.00","-1293141.00","1819963.00","-79699.00","731493.00","2849250.00","3580743.00"
"115/08/18","114","1","3716","中化控股","136589.00","74149.00","-60926.00","7271.00","157083.00","588011.00","745094.00"
"115/08/18","114","1","4104","佳醫","-1450417.00","130376.00","-85580.00","13086.00","-1392535.00","4189204.00","2796669.00"
"115/08/18","114","1","4106","雃博","-55273.00","-16195.00","40138.00","45743.00","14413.00","666440.00","680853.00"
"115/08/18","114","1","4108","懷特","-29817.00","57980.00","-2806.00","--","25357.00","22723.00","48080.00"
"115/08/18","114","1","4119","旭富","105581.00","-267283.00","-33755.00","--","-195457.00","582382.00","386925.00"
"115/08/18","114","1","4133","亞諾法","-5961.00","-1105.00","-1366.00","145.00","-8287.00","448545.00","440258.00"
"115/08/18","114","1","4137","麗豐-KY","-180413.00","-268809.00","-40436.00","62145.00","-427513.00","3356574.00","2929061.00"
"115/08/18","114","1","4142","國光生","-211918.00","-213281.00","107940.00","1528.00","-315731.00","2344620.00","2028889.00"
"115/08/18","114","1","4148","全宇生技-KY","55374.00","-71087.00","-4317.00","12152.00","-7878.00","933928.00","926050.00"
"115/08/18","114","1","4155","訊映","35262.00","-141040.00","128996.00","1114.00","24332.00","277458.00","301790.00"
"115/08/18","114","1","4164","承業醫","149699.00","-364625.00","261102.00","2446.00","48622.00","1641783.00","1690405.00"
"115/08/18","114","1","4190","佐登-KY","121688.00","-38305.00","-117732.00","12086.00","-22263.00","654036.00","631773.00"
"115/08/18","114","1","4306","炎洲","75208.00","283741.00","307150.00","-11493.00","654606.00","2360882.00","3015488.00"
"115/08/18","114","1","4414","如興","1251165.00","-404091.00","-726604.00","42441.00","162911.00","334863.00","497774.00"
"115/08/18","114","1","4426","利勤","-38298.00","-25803.00","63453.00","-5931.00","-6579.00","569364.00","562785.00"
"115/08/18","114","1","4438","廣越","-2025393.00","230960.00","1575975.00","46035.00","-172423.00","2337266.00","2164843.00"
"115/08/18","114","1","4439","冠星-KY","-207642.00","-70604.00","819658.00","34322.00","575734.00","487831.00","1063565.00"
"115/08/18","114","1","4440","宜新實業","-24317.00","-176.00","17965.00","--","-6528.00","113142.00","106614.00"
"115/08/18","114","1","4441","振大環球","66925.00","-227932.00","-7465.00","254.00","-168218.00","825496.00","657278.00"
"115/08/18","114","1","4526","東台","-232368.00","27864.00","598355.00","40048.00","433899.00","865500.00","1299399.00"
"115/08/18","114","1","4532","瑞智","-474502.00","-1101967.00","17729.00","64979.00","-1493761.00","5839139.00","4345378.00"
"115/08/18","114","1","4536","拓凱","720991.00","-104179.00","1013453.00","88450.00","1718715.00","7018422.00","8737137.00"
"115/08/18","114","1","4540","全球傳動","-21760.00","-24978.00","-36172.00","-5146.00","-88056.00","732570.00","644514.00"
"115/08/18","114","1","4545","銘鈺","-57455.00","-36937.00","23636.00","16460.00","-54296.00","926431.00","872135.00"
"115/08/18","114","1","4551","智伸科","211508.00","-442142.00","-100799.00","42352.00","-289081.00","4847577.00","4558496.00"
"115/08/18","114","1","4552","力達-KY","185619.00","-2965.00","90235.00","22802.00","295691.00","2389144.00","2684835.00"
"115/08/18","114","1","4555","氣立","28497.00","-56005.00","-33130.00","38906.00","-21732.00","827224.00","805492.00"
"115/08/18","114","1","4557","永新-KY","49289.00","-165438.00","211397.00","24740.00","119988.00","1061984.00","1181972.00"
"115/08/18","114","1","4560","強信-KY","66473.00","-23119.00","--","9109.00","52463.00","551265.00","603728.00"
"115/08/18","114","1","4562","穎漢","-60727.00","-2184.00","-22725.00","3704.00","-81932.00","257235.00","175303.00"
"115/08/18","114","1","4564","元翎","-12389.00","2396.00","11626.00","905.00","2538.00","772121.00","774659.00"
"115/08/18","114","1","4566","時碩工業","142932.00","-37822.00","121332.00","28683.00","255125.00","1938702.00","2193827.00"
"115/08/18","114","1","4569","六方科-KY","79750.00","-152509.00","519680.00","14117.00","461038.00","761251.00","1222289.00"
"115/08/18","114","1","4571","鈞興-KY","136694.00","99856.00","-4307.00","47178.00","279421.00","755554.00","1034975.00"
"115/08/18","114","1","4572","駐龍","68716.00","76538.00","-523.00","--","144731.00","632008.00","776739.00"
"115/08/18","114","1","4576","大銀微系統","70080.00","-69551.00","-74878.00","-1869.00","-76218.00","682014.00","605796.00"
"115/08/18","114","1","4581","光隆精密-KY","19421.00","-54015.00","57049.00","17436.00","39891.00","593157.00","633048.00"
"115/08/18","114","1","4583","台灣精銳","315295.00","234893.00","-23305.00","--","526883.00","3387458.00","3914341.00"
"115/08/18","114","1","4585","達明","22442.00","64452.00","-9148.00","-1442.00","76304.00","312477.00","388781.00"
"115/08/18","114","1","4588","玖鼎電力","32730.00","-18639.00","48270.00","--","62361.00","343828.00","406189.00"
"115/08/18","114","1","4720","德淵","76345.00","-20649.00","-41102.00","15883.00","30477.00","531145.00","561622.00"
"115/08/18","114","1","4722","國精化","50732.00","-170942.00","160414.00","7445.00","47649.00","237414.00","285063.00"
"115/08/18","114","1","4736","泰博","-25324.00","-113592.00","-35309.00","26814.00","-147411.00","2386679.00","2239268.00"
"115/08/18","114","1","4737","華廣","152291.00","-70392.00","-70823.00","7596.00","18672.00","321227.00","339899.00"
"115/08/18","114","1","4739","康普","-370317.00","-523490.00","796865.00","1500.00","-95442.00","2905786.00","2810344.00"
"115/08/18","114","1","4746","台耀","441253.00","-293853.00","-117780.00","44325.00","73945.00","1364538.00","1438483.00"
"115/08/18","114","1","4755","三福化","177648.00","-92246.00","157822.00","536.00","243760.00","520648.00","764408.00"
"115/08/18","114","1","4763","材料*-KY","1425289.00","290101.00","-2220080.00","351849.00","-152841.00","13258890.00","13106049.00"
"115/08/18","114","1","4764","雙鍵","41867.00","-10713.00","-14316.00","20844.00","37682.00","1250871.00","1288553.00"
"115/08/18","114","1","4766","南寶","577788.00","-186164.00","434281.00","90945.00","916850.00","6910148.00","7826998.00"
"115/08/18","114","1","4770","上品","740564.00","-218663.00","-22754.00","36471.00","535618.00","3529854.00","4065472.00"
"115/08/18","114","1","4771","望隼","315630.00","-307740.00","93163.00","12896.00","113949.00","1180126.00","1294075.00"
"115/08/18","114","1","4807","日成-KY","69340.00","-12515.00","16424.00","22566.00","95815.00","64249.00","160064.00"
"115/08/18","114","1","4904","遠傳","7744735.00","-1520788.00","-6214425.00","2754.00","12276.00","5416289.00","5428565.00"
"115/08/18","114","1","4906","正文","753552.00","-110734.00","-735787.00","7581.00","-85388.00","4696870.00","4611482.00"
"115/08/18","114","1","4912","聯德控股-KY","116939.00","-269653.00","-15000.00","27293.00","-140421.00","1915075.00","1774654.00"
"115/08/18","114","1","4915","致伸","286265.00","-553087.00","344179.00","260474.00","337831.00","13885985.00","14223816.00"
"115/08/18","114","1","4916","事欣科","119551.00","13366.00","76056.00","6408.00","215381.00","496857.00","712238.00"
"115/08/18","114","1","4919","新唐","-897973.00","-436836.00","5679326.00","387626.00","4732143.00","5703893.00","10436036.00"
"115/08/18","114","1","4927","泰鼎-KY","849956.00","-365907.00","-318135.00","63789.00","229703.00","530763.00","760466.00"
"115/08/18","114","1","4930","燦星網","213154.00","-294685.00","161836.00","29857.00","110162.00","2533580.00","2643742.00"
"115/08/18","114","1","4934","太極","-61681.00","10102.00","283925.00","7695.00","240041.00","549857.00","789898.00"
"115/08/18","114","1","4935","茂林-KY","332399.00","-291789.00","386772.00","49784.00","477166.00","4440799.00","4917965.00"
"115/08/18","114","1","4938","和碩","-14671336.00","-4655721.00","14444293.00","1718364.00","-3164400.00","123086218.00","119921818.00"
"115/08/18","114","1","4942","嘉彰","-11272.00","-155990.00","78132.00","25953.00","-63177.00","1669542.00","1606365.00"
"115/08/18","114","1","4943","康控-KY","-25354.00","12631.00","65525.00","-544.00","52258.00","93052.00","145310.00"
"115/08/18","114","1","4949","有成精密","95443.00","-7265.00","21212.00","3039.00","112429.00","856943.00","969372.00"
"115/08/18","114","1","4952","凌通","30425.00","5306.00","26837.00","228.00","62796.00","874576.00","937372.00"
"115/08/18","114","1","4956","光鋐","46513.00","-24873.00","-67783.00","473.00","-45670.00","175846.00","130176.00"
"115/08/18","114","1","4958","臻鼎-KY","11143977.00","-5229619.00","122027.00","340632.00","6377017.00","79502013.00","85879030.00"
"115/08/18","114","1","4960","誠美材","-179029.00","1020365.00","721012.00","34914.00","1597262.00","1815774.00","3413036.00"
"115/08/18","114","1","4961","天鈺","388028.00","-584871.00","-13788.00","207294.00","-3337.00","1779772.00","1776435.00"
"115/08/18","114","1","4967","十銓","1156345.00","-12418.00","102127.00","3882.00","1249936.00","2467222.00","3717158.00"
"115/08/18","114","1","4968","立積","13304.00","-294213.00","-8132.00","-32034.00","-321075.00","1013365.00","692290.00"
"115/08/18","114","1","4976","佳凌","6594.00","-11425.00","-35821.00","--","-40652.00","1229411.00","1188759.00"
"115/08/18","114","1","4977","眾達-KY","-328811.00","192618.00","-192110.00","70773.00","-257530.00","1022422.00","764892.00"
"115/08/18","114","1","4989","榮科","-65969.00","-7475.00","-1966.00","-714.00","-76124.00","434938.00","358814.00"
"115/08/18","114","1","4994","傳奇","64538.00","-225.00","-9337.00","13.00","54989.00","1299074.00","1354063.00"
"115/08/18","114","1","4999","鑫禾","26870.00","-14787.00","-4527.00","13441.00","20997.00","1503164.00","1524161.00"
"115/08/18","114","1","5007","三星","476514.00","-71056.00","-73758.00","5160.00","336860.00","1713468.00","2050328.00"
"115/08/18","114","1","5203","訊連","187558.00","-221324.00","10086.00","9236.00","-14444.00","587718.00","573274.00"
"115/08/18","114","1","5215","科嘉-KY","110393.00","50158.00","-23835.00","13543.00","150259.00","885052.00","1035311.00"
"115/08/18","114","1","5222","全訊","74073.00","-78486.00","-48644.00","--","-53057.00","583482.00","530425.00"
"115/08/18","114","1","5225","東科-KY","183830.00","-74949.00","1236.00","7341.00","117458.00","2588960.00","2706418.00"
"115/08/18","114","1","5234","達興材料","197297.00","-188305.00","-38179.00","--","-29187.00","194873.00","165686.00"
"115/08/18","114","1","5236","凌陽創新","47453.00","-140595.00","-1373.00","647.00","-93868.00","2076248.00","1982380.00"
"115/08/18","114","1","5243","乙盛-KY","739034.00","-106207.00","51290.00","1972.00","686089.00","3017321.00","3703410.00"
"115/08/18","114","1","5244","弘凱","36564.00","-75118.00","-5060.00","15133.00","-28481.00","1264116.00","1235635.00"
"115/08/18","114","1","5258","虹堡","324113.00","-30497.00","104948.00","58062.00","456626.00","1688336.00","2144962.00"
"115/08/18","114","1","5269","祥碩","-585252.00","-24855.00","-6627.00","--","-616734.00","14598161.00","13981427.00"
"115/08/18","114","1","5283","禾聯碩","-498615.00","-130071.00","564422.00","--","-64264.00","683128.00","618864.00"
"115/08/18","114","1","5284","jpp-KY","147644.00","-151283.00","-327424.00","2291.00","-328772.00","585082.00","256310.00"
"115/08/18","114","1","5285","界霖","190947.00","-34328.00","-83564.00","58236.00","131291.00","1249038.00","1380329.00"
"115/08/18","114","1","5288","豐祥-KY","157286.00","-224216.00","-1277.00","-26279.00","-94486.00","1067079.00","972593.00"
"115/08/18","114","1","5292","華懋","-3658.00","-1240.00","-1460.00","3614.00","-2744.00","1629928.00","1627184.00"
"115/08/18","114","1","5306","桂盟","359914.00","-372182.00","-1523.00","118768.00","104977.00","2253257.00","2358234.00"
"115/08/18","114","1","5388","中磊","2146996.00","-287892.00","-1195551.00","75332.00","738885.00","8305815.00","9044700.00"
"115/08/18","114","1","5434","崇越","538637.00","-115410.00","-139847.00","85250.00","368630.00","5162017.00","5530647.00"
"115/08/18","114","1","5469","瀚宇博","1760175.00","-2085711.00","7718662.00","465430.00","7858556.00","21158826.00","29017382.00"
"115/08/18","114","1","5471","松翰","9940.00","-3751.00","262.00","2783.00","9234.00","1430158.00","1439392.00"
"115/08/18","114","1","5484","慧友","-22166.00","-643.00","-2972.00","-290.00","-26071.00","95786.00","69715.00"
"115/08/18","114","1","5515","建國","471228.00","-230519.00","-119988.00","1013.00","121734.00","810986.00","932720.00"
"115/08/18","114","1","5519","隆大","-295042.00","378.00","587269.00","-3244.00","289361.00","1429385.00","1718746.00"
"115/08/18","114","1","5521","工信","-572490.00","186707.00","-434789.00","--","-820572.00","1912422.00","1091850.00"
"115/08/18","114","1","5522","遠雄","-4453383.00","487968.00","1893406.00","--","-2072009.00","4360971.00","2288962.00"
"115/08/18","114","1","5525","順天","-1238975.00","-2763.00","1185853.00","--","-55885.00","101390.00","45505.00"
"115/08/18","114","1","5531","鄉林","-25958.00","-122962.00","117674.00","-192083.00","-223329.00","680996.00","457667.00"
"115/08/18","114","1","5533","皇鼎","-108919.00","-19119.00","-74491.00","--","-202529.00","3258287.00","3055758.00"
"115/08/18","114","1","5534","長虹","-1565408.00","23308.00","1121774.00","--","-420326.00","2054504.00","1634178.00"
"115/08/18","114","1","5538","東明-KY","484758.00","215113.00","206114.00","98929.00","1004914.00","1126780.00","2131694.00"
"115/08/18","114","1","5546","永固-KY","-127992.00","-24926.00","43370.00","81447.00","-28101.00","148026.00","119925.00"
"115/08/18","114","1","5607","遠雄港","334916.00","-607983.00","295625.00","--","22558.00","520331.00","542889.00"
"115/08/18","114","1","5608","四維航","72697.00","262348.00","-542696.00","65248.00","-142403.00","2203455.00","2061052.00"
"115/08/18","114","1","5706","鳳凰","73934.00","161768.00","-201956.00","912.00","34658.00","236887.00","271545.00"
"115/08/18","114","1","5871","中租-KY","10161255.00","-2936562.00","541112.00","398897.00","8164702.00","36201407.00","44366109.00"
"115/08/18","114","1","5906","台南-KY","70375.00","-21753.00","-20975.00","--","27647.00","151604.00","179251.00"
"115/08/18","114","1","5907","大洋-KY","-112369.00","13335.00","-261082.00","3622.00","-356494.00","831362.00","474868.00"
"115/08/18","114","1","6108","競國","-210357.00","711336.00","377144.00","35708.00","913831.00","2684643.00","3598474.00"
"115/08/18","114","1","6112","邁達特","436659.00","-28529.00","-371687.00","16277.00","52720.00","1380992.00","1433712.00"
"115/08/18","114","1","6115","鎰勝","154098.00","-611295.00","-207083.00","53428.00","-610852.00","2021582.00","1410730.00"
"115/08/18","114","1","6116","彩晶","-567236.00","-57498.00","-131742.00","19598.00","-736878.00","4413010.00","3676132.00"
"115/08/18","114","1","6117","迎廣","89492.00","-83157.00","310281.00","9244.00","325860.00","624733.00","950593.00"
"115/08/18","114","1","6120","達運","487590.00","-107345.00","-136611.00","85415.00","329049.00","5871695.00","6200744.00"
"115/08/18","114","1","6128","上福","-138140.00","228686.00","-103819.00","25902.00","12629.00","888081.00","900710.00"
"115/08/18","114","1","6133","金橋","-18577.00","-3514.00","-6604.00","13323.00","-15372.00","400516.00","385144.00"
"115/08/18","114","1","6136","富爾特","30928.00","-62068.00","-219.00","-1.00","-31360.00","296936.00","265576.00"
"115/08/18","114","1","6139","亞翔","3163290.00","396589.00","-339747.00","305509.00","3525641.00","23347966.00","26873607.00"
"115/08/18","114","1","6141","柏承","478518.00","-199041.00","-175867.00","-88625.00","14985.00","202086.00","217071.00"
"115/08/18","114","1","6142","友勁","-9218.00","271910.00","-35948.00","662.00","227406.00","871191.00","1098597.00"
"115/08/18","114","1","6152","百一","-24588.00","6855.00","52284.00","16678.00","51229.00","913195.00","964424.00"
"115/08/18","114","1","6153","嘉聯益","-162308.00","-18857.00","261135.00","4757.00","84727.00","2843994.00","2928721.00"
"115/08/18","114","1","6155","鈞寶","20241.00","59507.00","-8811.00","3717.00","74654.00","345838.00","420492.00"
"115/08/18","114","1","6164","華興","-75738.00","-208.00","111451.00","4187.00","39692.00","414675.00","454367.00"
"115/08/18","114","1","6165","浪凡","36145.00","162781.00","65288.00","14530.00","278744.00","621288.00","900032.00"
"115/08/18","114","1","6166","凌華","333338.00","-26436.00","10310.00","39069.00","356281.00","2055474.00","2411755.00"
"115/08/18","114","1","6168","宏齊","-91310.00","-367.00","-174441.00","-3256.00","-269374.00","573197.00","303823.00"
"115/08/18","114","1","6176","瑞儀","2662119.00","-7299690.00","3151875.00","501250.00","-984446.00","33065727.00","32081281.00"
"115/08/18","114","1","6177","達麗","-1908482.00","-102651.00","1579271.00","23314.00","-408548.00","1274444.00","865896.00"
"115/08/18","114","1","6183","關貿","90587.00","-402388.00","-4615.00","1417.00","-314999.00","1078821.00","763822.00"
"115/08/18","114","1","6184","大豐電","166117.00","-78262.00","-200946.00","--","-113091.00","1659639.00","1546548.00"
"115/08/18","114","1","6189","豐藝","303509.00","119456.00","147559.00","630.00","571154.00","3017637.00","3588791.00"
"115/08/18","114","1","6191","精成科","1271950.00","-670449.00","5696625.00","199923.00","6498049.00","9641338.00","16139387.00"
"115/08/18","114","1","6192","巨路","-129806.00","-374372.00","14.00","34343.00","-469821.00","2226636.00","1756815.00"
"115/08/18","114","1","6196","帆宣","486606.00","-368363.00","-1548241.00","89272.00","-1340726.00","11442714.00","10101988.00"
"115/08/18","114","1","6197","佳必琪","103888.00","148913.00","-12821.00","30523.00","270503.00","1603816.00","1874319.00"
"115/08/18","114","1","6201","亞弘電","163243.00","-156895.00","-4750.00","20152.00","21750.00","653658.00","675408.00"
"115/08/18","114","1","6202","盛群","70553.00","-119626.00","60078.00","12775.00","23780.00","903004.00","926784.00"
"115/08/18","114","1","6205","詮欣","64745.00","-182691.00","8053.00","3887.00","-106006.00","792417.00","686411.00"
"115/08/18","114","1","6206","飛捷","193416.00","-329093.00","-4067.00","21945.00","-117799.00","2568825.00","2451026.00"
"115/08/18","114","1","6209","今國光","38027.00","-94995.00","82679.00","12617.00","38328.00","383807.00","422135.00"
"115/08/18","114","1","6213","聯茂","1546148.00","-1361492.00","-34439.00","57802.00","208019.00","4583412.00","4791431.00"
"115/08/18","114","1","6214","精誠","-711573.00","19759.00","-158823.00","29205.00","-821432.00","6196885.00","5375453.00"
"115/08/18","114","1","6215","和椿","-12987.00","-6764.00","-3106.00","2478.00","-20379.00","556660.00","536281.00"
"115/08/18","114","1","6216","居易","65736.00","-274111.00","--","--","-208375.00","464948.00","256573.00"
"115/08/18","114","1","6224","聚鼎","167186.00","-44493.00","-15670.00","19624.00","126647.00","690756.00","817403.00"
"115/08/18","114","1","6225","天瀚","-787.00","3040.00","-383.00","0.00","1870.00","41715.00","43585.00"
"115/08/18","114","1","6226","光鼎","8109.00","-35368.00","-15926.00","11788.00","-31397.00","341429.00","310032.00"
"115/08/18","114","1","6230","尼得科超眾","147903.00","-26341.00","-142598.00","119797.00","98761.00","3208584.00","3307345.00"
"115/08/18","114","1","6235","華孚","106831.00","-393464.00","242115.00","979.00","-43539.00","881995.00","838456.00"
"115/08/18","114","1","6239","力成","4629412.00","-3062236.00","-1446405.00","209695.00","330466.00","22238335.00","22568801.00"
"115/08/18","114","1","6243","迅杰","62702.00","-10318.00","-1753.00","--","50631.00","638638.00","689269.00"
"115/08/18","114","1","6257","矽格","1844247.00","-1017949.00","-301816.00","37315.00","561797.00","11249315.00","11811112.00"
"115/08/18","114","1","6269","台郡","230223.00","628125.00","-163454.00","52036.00","746930.00","3194566.00","3941496.00"
"115/08/18","114","1","6271","同欣電","-1079838.00","-294521.00","1181644.00","15764.00","-176951.00","3007906.00","2830955.00"
"115/08/18","114","1","6272","驊陞","-35014.00","35791.00","26890.00","19015.00","46682.00","116526.00","163208.00"
"115/08/18","114","1","6277","宏正","89662.00","29126.00","-174313.00","32378.00","-23147.00","1128293.00","1105146.00"
"115/08/18","114","1","6278","台表科","568240.00","565613.00","-466069.00","107928.00","775712.00","9297301.00","10073013.00"
"115/08/18","114","1","6281","全國電","-239741.00","-43253.00","-203799.00","--","-486793.00","1577803.00","1091010.00"
"115/08/18","114","1","6282","康舒","201193.00","-244855.00","-494075.00","50517.00","-487220.00","7045569.00","6558349.00"
"115/08/18","114","1","6283","淳安","24288.00","120602.00","-81564.00","15179.00","78505.00","669776.00","748281.00"
"115/08/18","114","1","6285","啟��","2756197.00","-1208868.00","-1764325.00","197165.00","-19831.00","13127054.00","13107223.00"
"115/08/18","114","1","6405","悅城","20327.00","-52719.00","--","--","-32392.00","604831.00","572439.00"
"115/08/18","114","1","6409","旭隼","1350805.00","-20042.00","-71366.00","226731.00","1486128.00","6556415.00","8042543.00"
"115/08/18","114","1","6412","群電","921383.00","-293296.00","353565.00","128574.00","1110226.00","4011462.00","5121688.00"
"115/08/18","114","1","6414","樺漢","529643.00","-685593.00","-4519170.00","494292.00","-4180828.00","27891962.00","23711134.00"
"115/08/18","114","1","6415","矽力*-KY","872491.00","-3043679.00","560558.00","308991.00","-1301639.00","16202550.00","14900911.00"
"115/08/18","114","1","6416","瑞祺電通","350725.00","-253.00","-162151.00","13474.00","201795.00","487593.00","689388.00"
"115/08/18","114","1","6426","統新","-434.00","70492.00","-2889.00","--","67169.00","218288.00","285457.00"
"115/08/18","114","1","6431","光麗-KY","-45644.00","14963.00","318166.00","2910.00","290395.00","41586.00","331981.00"
"115/08/18","114","1","6438","迅得","2663.00","-254704.00","1035284.00","15980.00","799223.00","2369714.00","3168937.00"
"115/08/18","114","1","6442","光聖","886584.00","-70374.00","293187.00","16975.00","1126372.00","2673758.00","3800130.00"
"115/08/18","114","1","6443","元晶","210676.00","-92262.00","-157782.00","367.00","-39001.00","622182.00","583181.00"
"115/08/18","114","1","6446","藥華藥","1061389.00","-283912.00","-46902.00","252656.00","983231.00","21051091.00","22034322.00"
"115/08/18","114","1","6449","鈺邦","243708.00","-123594.00","153399.00","47961.00","321474.00","1541797.00","1863271.00"
"115/08/18","114","1","6451","訊芯-KY","-801579.00","-354777.00","2633792.00","102812.00","1580248.00","6928431.00","8508679.00"
"115/08/18","114","1","6456","GIS-KY","-63305.00","-95285.00","1237906.00","247595.00","1326911.00","11782226.00","13109137.00"
"115/08/18","114","1","6464","台數科","384702.00","21707.00","-301139.00","--","105270.00","1210625.00","1315895.00"
"115/08/18","114","1","6472","保瑞","1344957.00","-1296737.00","-867773.00","115991.00","-703562.00","5829197.00","5125635.00"
"115/08/18","114","1","6477","安集","51668.00","-55796.00","-1551.00","--","-5679.00","561429.00","555750.00"
"115/08/18","114","1","6491","晶碩","1004880.00","-1423620.00","-200632.00","15062.00","-604310.00","2002176.00","1397866.00"
"115/08/18","114","1","6504","南六","106290.00","-30125.00","-218173.00","20040.00","-121968.00","1264970.00","1143002.00"
"115/08/18","114","1","6505","台塑化","13016293.00","790981.00","-4947768.00","54352.00","8913858.00","22987569.00","31901427.00"
"115/08/18","114","1","6515","穎崴","807109.00","-260201.00","-5000.00","2041.00","543949.00","1123987.00","1667936.00"
"115/08/18","114","1","6525","捷敏-KY","253763.00","-66601.00","-8230.00","39097.00","218029.00","2275498.00","2493527.00"
"115/08/18","114","1","6526","達發","857738.00","-365119.00","-15906.00","64401.00","541114.00","12056031.00","12597145.00"
"115/08/18","114","1","6531","愛普*","969263.00","10381.00","-47061.00","5750.00","938333.00","4188544.00","5126877.00"
"115/08/18","114","1","6533","晶心科","68992.00","-302801.00","-9098.00","5140.00","-237767.00","2082726.00","1844959.00"
"115/08/18","114","1","6534","正瀚-創","208722.00","-42490.00","11661.00","701.00","178594.00","478855.00","657449.00"
"115/08/18","114","1","6541","泰福-KY","-288810.00","1000704.00","-15945.00","4278.00","700227.00","376959.00","1077186.00"
"115/08/18","114","1","6550","北極星藥業-KY","-612460.00","-688555.00","451114.00","31708.00","-818193.00","1946210.00","1128017.00"
"115/08/18","114","1","6552","易華電","66532.00","-38352.00","31300.00","--","59480.00","555035.00","614515.00"
"115/08/18","114","1","6558","興能高","19734.00","-8523.00","70594.00","-7660.00","74145.00","385584.00","459729.00"
"115/08/18","114","1","6573","虹揚-KY","-13354.00","-5334.00","-14023.00","2856.00","-29855.00","184988.00","155133.00"
"115/08/18","114","1","6579","研揚","151145.00","-34634.00","-66042.00","24671.00","75140.00","4270200.00","4345340.00"
"115/08/18","114","1","6581","鋼聯","336754.00","-102598.00","-9567.00","--","224589.00","756988.00","981577.00"
"115/08/18","114","1","6582","申豐","-4580.00","-748.00","-979.00","154.00","-6153.00","255482.00","249329.00"
"115/08/18","114","1","6585","鼎基","243540.00","-34769.00","-34135.00","617.00","175253.00","841277.00","1016530.00"
"115/08/18","114","1","6589","台康生技","-111754.00","-71031.00","-123172.00","1164.00","-304793.00","4097584.00","3792791.00"
"115/08/18","114","1","6591","動力-KY","25032.00","59827.00","-12181.00","9888.00","82566.00","748046.00","830612.00"
"115/08/18","114","1","6592","和潤企業","4882879.00","-515215.00","-4447244.00","100616.00","21036.00","4985831.00","5006867.00"
"115/08/18","114","1","6598","ABC-KY","-69996.00","94929.00","-4494.00","9962.00","30401.00","605958.00","636359.00"
"115/08/18","114","1","6605","帝寶","1979570.00","-530807.00","-864180.00","-43031.00","541552.00","4045910.00","4587462.00"
"115/08/18","114","1","6606","建德工業","60958.00","1440.00","-46863.00","8873.00","24408.00","599599.00","624007.00"
"115/08/18","114","1","6614","資拓宏宇","-661413.00","-5640.00","463536.00","1091.00","-202426.00","534782.00","332356.00"
"115/08/18","114","1","6625","必應","-388052.00","-31137.00","603695.00","7766.00","192272.00","1083827.00","1276099.00"
"115/08/18","114","1","6641","基士德-KY","-24986.00","-30386.00","-6718.00","10538.00","-51552.00","417060.00","365508.00"
"115/08/18","114","1","6645","金萬林-創","-42192.00","-5845.00","-87523.00","89.00","-135471.00","217857.00","82386.00"
"115/08/18","114","1","6655","科定","94005.00","-145226.00","144637.00","105.00","93521.00","116083.00","209604.00"
"115/08/18","114","1","6657","華安","-115887.00","-281426.00","430869.00","52.00","33608.00","404506.00","438114.00"
"115/08/18","114","1","6658","聯策","-41159.00","-2875.00","157102.00","7381.00","120449.00","677163.00","797612.00"
"115/08/18","114","1","6666","羅麗芬-KY","131899.00","25529.00","-11132.00","19767.00","166063.00","517319.00","683382.00"
"115/08/18","114","1","6668","中揚光","-55132.00","-18937.00","-107345.00","15706.00","-165708.00","552543.00","386835.00"
"115/08/18","114","1","6669","緯穎","-25860336.00","-2429242.00","26967887.00","98077.00","-1223614.00","48328503.00","47104889.00"
"115/08/18","114","1","6670","復盛應用","1503588.00","-1658887.00","1336.00","153734.00","-229.00","7397574.00","7397345.00"
"115/08/18","114","1","6671","三能-KY","-51440.00","37374.00","12948.00","4408.00","3290.00","405842.00","409132.00"
"115/08/18","114","1","6672","騰輝電子-KY","149919.00","58577.00","40653.00","16372.00","265521.00","965403.00","1230924.00"
"115/08/18","114","1","6674","鋐寶科技","15686.00","-6821.00","-1802.00","593.00","7656.00","520103.00","527759.00"
"115/08/18","114","1","6689","伊雲谷","-157021.00","-140919.00","123786.00","25373.00","-148781.00","1631085.00","1482304.00"
"115/08/18","114","1","6691","洋基工程","1083313.00","264976.00","-107375.00","18096.00","1259010.00","5202604.00","6461614.00"
"115/08/18","114","1","6695","芯鼎","48516.00","-62311.00","-3343.00","1275.00","-15863.00","933572.00","917709.00"
"115/08/18","114","1","6698","旭暉應材","8060.00","93974.00","-26512.00","4957.00","80479.00","619609.00","700088.00"
"115/08/18","114","1","6706","惠特","-346119.00","494312.00","-87139.00","465.00","61519.00","1481175.00","1542694.00"
"115/08/18","114","1","6715","嘉基","162376.00","-32929.00","-39614.00","16112.00","105945.00","1487738.00","1593683.00"
"115/08/18","114","1","6719","力智","292288.00","-139123.00","12591.00","4305.00","170061.00","1346612.00","1516673.00"
"115/08/18","114","1","6722","輝創","46310.00","-94112.00","76025.00","22797.00","51020.00","711123.00","762143.00"
"115/08/18","114","1","6742","澤米","-16332.00","-9324.00","-1258.00","7443.00","-19471.00","918519.00","899048.00"
"115/08/18","114","1","6743","安普新","165633.00","-91256.00","-44919.00","-16779.00","12679.00","370058.00","382737.00"
"115/08/18","114","1","6753","龍德造船","-376105.00","-379720.00","515311.00","1139.00","-239375.00","2829804.00","2590429.00"
"115/08/18","114","1","6754","匯僑設計","174649.00","-12013.00","-13685.00","15965.00","164916.00","1406448.00","1571364.00"
"115/08/18","114","1","6756","威鋒電子","-4611.00","-192323.00","-1098.00","2476.00","-195556.00","1217459.00","1021903.00"
"115/08/18","114","1","6757","台灣虎航","1189608.00","-1482083.00","-404194.00","75888.00","-620781.00","11528209.00","10907428.00"
"115/08/18","114","1","6768","志強-KY","-707782.00","-565271.00","331061.00","22983.00","-919009.00","7907300.00","6988291.00"
"115/08/18","114","1","6770","力積電","786928.00","5591038.00","-1506069.00","635.00","4872532.00","18355000.00","23227532.00"
"115/08/18","114","1","6771","平和環保-創","35246.00","-49506.00","81438.00","--","67178.00","207151.00","274329.00"
"115/08/18","114","1","6776","展�眥篕�","223058.00","-38526.00","-303436.00","9043.00","-109861.00","633131.00","523270.00"
"115/08/18","114","1","6781","AES-KY","391035.00","1064347.00","-461934.00","211394.00","1204842.00","4885933.00","6090775.00"
"115/08/18","114","1","6782","視陽","172420.00","-95620.00","-77644.00","30230.00","29386.00","757453.00","786839.00"
"115/08/18","114","1","6789","采鈺","867167.00","-243302.00","-754958.00","--","-131093.00","13422209.00","13291116.00"
"115/08/18","114","1","6790","永豐實","228191.00","-766804.00","182896.00","16632.00","-339085.00","1969521.00","1630436.00"
"115/08/18","114","1","6792","詠業","6785.00","-65749.00","-29827.00","1182.00","-87609.00","573584.00","485975.00"
"115/08/18","114","1","6794","向榮生技","-27482.00","54065.00","120953.00","--","147536.00","9571.00","157107.00"
"115/08/18","114","1","6796","晉弘","67194.00","-7656.00","-5996.00","244.00","53786.00","375159.00","428945.00"
"115/08/18","114","1","6799","來頡","84566.00","-113737.00","2270.00","-527.00","-27428.00","340932.00","313504.00"
"115/08/18","114","1","6805","富世達","91076.00","-142491.00","-6714.00","83099.00","24970.00","6336310.00","6361280.00"
"115/08/18","114","1","6807","峰源-KY","-62644.00","-233700.00","33.00","33340.00","-262971.00","1077470.00","814499.00"
"115/08/18","114","1","6830","汎銓","104325.00","-259862.00","84810.00","21467.00","-49260.00","1181200.00","1131940.00"
"115/08/18","114","1","6831","邁科","-25881.00","-94023.00","152640.00","263.00","32999.00","527687.00","560686.00"
"115/08/18","114","1","6834","天二科技","59416.00","-48029.00","33352.00","632.00","45371.00","321464.00","366835.00"
"115/08/18","114","1","6835","圓裕","76668.00","-130129.00","26953.00","24505.00","-2003.00","2124224.00","2122221.00"
"115/08/18","114","1","6838","台新藥","-76913.00","-119380.00","-1404.00","36641.00","-161056.00","425785.00","264729.00"
"115/08/18","114","1","6854","錼創科技-KY創","-16399.00","-377405.00","2829499.00","272.00","2435967.00","805973.00","3241940.00"
"115/08/18","114","1","6861","睿生光電","71349.00","-10747.00","-24756.00","-6970.00","28876.00","774981.00","803857.00"
"115/08/18","114","1","6862","三集瑞-KY","99368.00","-14865.00","128311.00","1441.00","214255.00","1033514.00","1247769.00"
"115/08/18","114","1","6863","永道-KY","348054.00","-169751.00","-3121.00","5998.00","181180.00","2384419.00","2565599.00"
"115/08/18","114","1","6869","雲豹能源","88059.00","166277.00","-5727.00","9146.00","257755.00","2321664.00","2579419.00"
"115/08/18","114","1","6873","泓德能源","-2158293.00","-2404407.00","3040606.00","18615.00","-1503479.00","4593322.00","3089843.00"
"115/08/18","114","1","6885","全福生技","-59184.00","199995.00","-1127.00","--","139684.00","502759.00","642443.00"
"115/08/18","114","1","6887","寶綠特-KY","69470.00","-16726.00","746999.00","40790.00","840533.00","1300669.00","2141202.00"
"115/08/18","114","1","6890","來億-KY","-55545.00","-564944.00","-404369.00","1033691.00","8833.00","3966034.00","3974867.00"
"115/08/18","114","1","6901","鑽石投資","-58200.00","-188.00","-229.00","--","-58617.00","126228.00","67611.00"
"115/08/18","114","1","6902","GOGOLOOK","-85233.00","-24768.00","47583.00","2817.00","-59601.00","237707.00","178106.00"
"115/08/18","114","1","6906","現觀科","-16537.00","-494556.00","-2700.00","553.00","-513240.00","856246.00","343006.00"
"115/08/18","114","1","6909","創控","20841.00","-313076.00","-2255.00","--","-294490.00","426580.00","132090.00"
"115/08/18","114","1","6914","阜爾運通","716073.00","-186210.00","-455911.00","--","73952.00","1681111.00","1755063.00"
"115/08/18","114","1","6916","華凌","-21590.00","-89451.00","4145.00","1110.00","-105786.00","700237.00","594451.00"
"115/08/18","114","1","6918","愛派司","51771.00","-3702.00","-3064.00","1332.00","46337.00","360968.00","407305.00"
"115/08/18","114","1","6919","康霈*","-118071.00","2509693.00","4160.00","210.00","2395992.00","6901490.00","9297482.00"
"115/08/18","114","1","6923","中台","146750.00","-148332.00","-42791.00","20.00","-44353.00","592101.00","547748.00"
"115/08/18","114","1","6924","榮惠-KY創","154530.00","-4868.00","11282.00","8702.00","169646.00","340899.00","510545.00"
"115/08/18","114","1","6928","攸泰科技","159688.00","383375.00","-9691.00","566.00","533938.00","599227.00","1133165.00"
"115/08/18","114","1","6931","青松健康","9383.00","-72568.00","406733.00","--","343548.00","286029.00","629577.00"
"115/08/18","114","1","6933","AMAX-KY","-865897.00","-198409.00","207633.00","31856.00","-824817.00","1607441.00","782624.00"
"115/08/18","114","1","6936","永鴻生技","39303.00","-23695.00","17121.00","--","32729.00","96454.00","129183.00"
"115/08/18","114","1","6937","天虹","56274.00","-119930.00","47745.00","-1650.00","-17561.00","440665.00","423104.00"
"115/08/18","114","1","6944","兆聯實業","564234.00","-402696.00","-13436.00","16828.00","164930.00","3058714.00","3223644.00"
"115/08/18","114","1","6949","沛爾生醫-創","-59329.00","191816.00","-1379.00","--","131108.00","427366.00","558474.00"
"115/08/18","114","1","6951","青新-創","79017.00","-239766.00","-11240.00","--","-171989.00","328264.00","156275.00"
"115/08/18","114","1","6952","大武山","-17224.00","-136411.00","340419.00","--","186784.00","257250.00","444034.00"
"115/08/18","114","1","6955","邦睿生技-創","4637.00","-162722.00","-811.00","3425.00","-155471.00","410169.00","254698.00"
"115/08/18","114","1","6957","裕慶-KY","615707.00","-317309.00","14768.00","11346.00","324512.00","1080810.00","1405322.00"
"115/08/18","114","1","6958","日盛台駿","4860972.00","-1771730.00","-856443.00","-211722.00","2021077.00","2971332.00","4992409.00"
"115/08/18","114","1","6962","奕力-KY","166772.00","918663.00","-182349.00","16267.00","919353.00","7072138.00","7991491.00"
"115/08/18","114","1","6965","中傑-KY","680705.00","-185524.00","2168870.00","118160.00","2782211.00","3603548.00","6385759.00"
"115/08/18","114","1","6969","成信實業*-創","24384.00","-25079.00","-15963.00","--","-16658.00","68982.00","52324.00"
"115/08/18","114","1","6988","威力暘-創","-20585.00","-15828.00","-43692.00","1680.00","-78425.00","379377.00","300952.00"
"115/08/18","114","1","6994","富威電力","92933.00","-103284.00","299651.00","--","289300.00","162616.00","451916.00"
"115/08/18","114","1","7610","聯友金屬-創","-225238.00","-58813.00","271353.00","--","-12698.00","84746.00","72048.00"
"115/08/18","114","1","7631","聚賢研發-創","36848.00","-1662.00","236642.00","1593.00","273421.00","208743.00","482164.00"
"115/08/18","114","1","7705","三商餐飲","60848.00","-102908.00","25966.00","1293.00","-14801.00","144152.00","129351.00"
"115/08/18","114","1","7721","微程式","62219.00","-72660.00","-8271.00","1238.00","-17474.00","200204.00","182730.00"
"115/08/18","114","1","7722","LINEPAY","392441.00","-174938.00","-22890.00","9588.00","204201.00","9887873.00","10092074.00"
"115/08/18","114","1","7730","暉盛-創","4243.00","-166.00","-4049.00","127.00","155.00","465474.00","465629.00"
"115/08/18","114","1","7732","金興精密","17283.00","9961.00","245614.00","6436.00","279294.00","374278.00","653572.00"
"115/08/18","114","1","7736","虎山","138291.00","-757902.00","776803.00","642.00","157834.00","648730.00","806564.00"
"115/08/18","114","1","7740","熙特爾-創","-153413.00","-125713.00","-15945.00","--","-295071.00","550289.00","255218.00"
"115/08/18","114","1","7749","意騰-KY","193827.00","155286.00","-3611.00","1281.00","346783.00","578198.00","924981.00"
"115/08/18","114","1","7750","新代","349819.00","-172911.00","-35197.00","78687.00","220398.00","1873081.00","2093479.00"
"115/08/18","114","1","7765","中華資安","85443.00","-57202.00","6297.00","--","34538.00","639772.00","674310.00"
"115/08/18","114","1","7769","鴻勁","5231087.00","322677.00","-159435.00","4919.00","5399248.00","6024608.00","11423856.00"
"115/08/18","114","1","7780","大研生醫*","52340.00","-3901.00","-841.00","4435.00","52033.00","1139724.00","1191757.00"
"115/08/18","114","1","7786","東方風能","267853.00","-38113.00","359389.00","--","589129.00","1720568.00","2309697.00"
"115/08/18","114","1","7788","松川精密","49717.00","-94060.00","-180121.00","9924.00","-214540.00","1940848.00","1726308.00"
"115/08/18","114","1","7791","皇家可口","7090.00","-83465.00","4034.00","0.00","-72341.00","172256.00","99915.00"
"115/08/18","114","1","7799","禾榮科","-81594.00","-33301.00","11861.00","--","-103034.00","723966.00","620932.00"
"115/08/18","114","1","8011","台通","146209.00","-37924.00","-194655.00","1846.00","-84524.00","493520.00","408996.00"
"115/08/18","114","1","8016","矽創","323650.00","2292740.00","103526.00","33134.00","2753050.00","3866143.00","6619193.00"
"115/08/18","114","1","8021","尖點","37258.00","-260914.00","10359.00","37883.00","-175414.00","2012970.00","1837556.00"
"115/08/18","114","1","8028","昇陽半導體","426075.00","-947754.00","500680.00","--","-20999.00","1287357.00","1266358.00"
"115/08/18","114","1","8033","雷虎","-54028.00","-32665.00","529967.00","4233.00","447507.00","308425.00","755932.00"
"115/08/18","114","1","8039","台虹","-77236.00","-208771.00","7365.00","40310.00","-238332.00","2889347.00","2651015.00"
"115/08/18","114","1","8045","達運光電","141874.00","-113494.00","-20212.00","4630.00","12798.00","864502.00","877300.00"
"115/08/18","114","1","8046","南電","552094.00","-1459307.00","-66482.00","143473.00","-830222.00","8480692.00","7650470.00"
"115/08/18","114","1","8070","長華*","771089.00","490900.00","-234588.00","104011.00","1131412.00","7098817.00","8230229.00"
"115/08/18","114","1","8072","陞泰","-43818.00","-317073.00","0.00","2707.00","-358184.00","626162.00","267978.00"
"115/08/18","114","1","8081","致新","715929.00","24609.00","-640.00","551.00","740449.00","4729694.00","5470143.00"
"115/08/18","114","1","8101","華冠","-25738.00","-1796.00","4987.00","3310.00","-19237.00","40407.00","21170.00"
"115/08/18","114","1","8103","瀚荃","173307.00","70693.00","-13620.00","45076.00","275456.00","2326664.00","2602120.00"
"115/08/18","114","1","8104","錸寶","-177674.00","-661314.00","601469.00","432.00","-237087.00","1571188.00","1334101.00"
"115/08/18","114","1","8105","凌巨","157137.00","-42378.00","-69140.00","3321.00","48940.00","2412110.00","2461050.00"
"115/08/18","114","1","8110","華東","595557.00","-395560.00","-267959.00","-3354.00","-71316.00","2516207.00","2444891.00"
"115/08/18","114","1","8112","至上","-1493381.00","-13720.00","928494.00","170555.00","-408052.00","4710729.00","4302677.00"
"115/08/18","114","1","8114","振樺電","1482744.00","-42985.00","-236074.00","57673.00","1261358.00","3813326.00","5074684.00"
"115/08/18","114","1","8131","福懋科","255931.00","-152691.00","-10881.00","--","92359.00","5170498.00","5262857.00"
"115/08/18","114","1","8150","南茂","1048743.00","-1694982.00","-1010467.00","3208.00","-1653498.00","15219039.00","13565541.00"
"115/08/18","114","1","8162","微矽電子-創","76719.00","-118160.00","24605.00","--","-16836.00","328234.00","311398.00"
"115/08/18","114","1","8163","達方","-66737.00","-53138.00","121260.00","153782.00","155167.00","5544288.00","5699455.00"
"115/08/18","114","1","8201","無敵","-3821.00","2024.00","-870.00","706.00","-1961.00","255826.00","253865.00"
"115/08/18","114","1","8210","勤誠","599073.00","19108.00","7674.00","51070.00","676925.00","3799819.00","4476744.00"
"115/08/18","114","1","8213","志超","15929.00","-3009933.00","-73106.00","279526.00","-2787584.00","11340638.00","8553054.00"
"115/08/18","114","1","8215","明基材","276973.00","-446425.00","261762.00","17203.00","109513.00","684063.00","793576.00"
"115/08/18","114","1","8222","寶一","-71475.00","-31382.00","-784.00","--","-103641.00","222419.00","118778.00"
"115/08/18","114","1","8249","菱光","75420.00","63148.00","-2220.00","18496.00","154844.00","3103866.00","3258710.00"
"115/08/18","114","1","8261","富鼎","312834.00","-326831.00","12832.00","3827.00","2662.00","662988.00","665650.00"
"115/08/18","114","1","8271","宇瞻","58665.00","-193490.00","-11249.00","8184.00","-137890.00","1072751.00","934861.00"
"115/08/18","114","1","8341","日友","431679.00","-96773.00","-322950.00","-30057.00","-18101.00","741113.00","723012.00"
"115/08/18","114","1","8367","建新國際","100095.00","-248275.00","78523.00","--","-69657.00","683376.00","613719.00"
"115/08/18","114","1","8374","羅昇","38929.00","-16229.00","-210177.00","21195.00","-166282.00","1237604.00","1071322.00"
"115/08/18","114","1","8404","百和興業-KY","166171.00","-414442.00","701789.00","25095.00","478613.00","1581668.00","2060281.00"
"115/08/18","114","1","8411","福貞-KY","276132.00","-92133.00","38714.00","33779.00","256492.00","1547536.00","1804028.00"
"115/08/18","114","1","8422","可寧衛*","754847.00","-410033.00","536709.00","721.00","882244.00","2308637.00","3190881.00"
"115/08/18","114","1","8429","金麗-KY","5548.00","-98.00","2797.00","98368.00","106615.00","4783406.00","4890021.00"
"115/08/18","114","1","8438","昶昕","89401.00","-10229.00","-16877.00","12887.00","75182.00","490296.00","565478.00"
"115/08/18","114","1","8442","威宏-KY","-320356.00","-90786.00","121773.00","16673.00","-272696.00","1166717.00","894021.00"
"115/08/18","114","1","8443","阿瘦","52145.00","30119.00","-35295.00","0.00","46969.00","230468.00","277437.00"
"115/08/18","114","1","8454","富邦媒","138086.00","-502617.00","-206897.00","51.00","-571377.00","5059526.00","4488149.00"
"115/08/18","114","1","8462","柏文","439402.00","-178395.00","-220624.00","--","40383.00","935776.00","976159.00"
"115/08/18","114","1","8463","潤泰材","-39424.00","-66832.00","17277.00","--","-88979.00","905794.00","816815.00"
"115/08/18","114","1","8464","億豐","2287104.00","-296573.00","-33596.00","76146.00","2033081.00","15856666.00","17889747.00"
"115/08/18","114","1","8466","美吉吉-KY","355486.00","16691.00","457479.00","28873.00","858529.00","904626.00","1763155.00"
"115/08/18","114","1","8467","波力-KY","248467.00","27654.00","133795.00","43460.00","453376.00","1458595.00","1911971.00"
"115/08/18","114","1","8473","山林水","-336356.00","-17786.00","222222.00","--","-131920.00","2750908.00","2618988.00"
"115/08/18","114","1","8476","台境*","203605.00","-187897.00","225306.00","289.00","241303.00","254028.00","495331.00"
"115/08/18","114","1","8478","東哥遊艇","287660.00","-123717.00","-46950.00","63495.00","180488.00","2498689.00","2679177.00"
"115/08/18","114","1","8481","政伸","64474.00","-111899.00","-1866.00","16460.00","-32831.00","665147.00","632316.00"
"115/08/18","114","1","8482","商億-KY","74583.00","-13022.00","-259064.00","12825.00","-184678.00","1112760.00","928082.00"
"115/08/18","114","1","8487","愛爾達-創","-51700.00","50600.00","-5715.00","55.00","-6760.00","335422.00","328662.00"
"115/08/18","114","1","8488","吉源-KY","-307077.00","15063.00","-106584.00","5856.00","-392742.00","784309.00","391567.00"
"115/08/18","114","1","8499","鼎炫-KY","157352.00","-185264.00","720.00","113285.00","86093.00","5979787.00","6065880.00"
"115/08/18","114","1","8926","台汽電","1460902.00","-5967.00","-534049.00","21223.00","942109.00","1843366.00","2785475.00"
"115/08/18","114","1","8940","新天地","63803.00","-20104.00","-44368.00","--","-669.00","305708.00","305039.00"
"115/08/18","114","1","8996","高力","-285675.00","-89176.00","-298125.00","5594.00","-667382.00","1871305.00","1203923.00"
"115/08/18","114","1","9802","鈺齊-KY","693810.00","-353193.00","-392704.00","67900.00","15813.00","3378425.00","3394238.00"
"115/08/18","114","1","9902","台火","8554.00","-10570.00","-109.00","--","-2125.00","181968.00","179843.00"
"115/08/18","114","1","9904","寶成","-3922053.00","-4413124.00","6969235.00","1174954.00","-190988.00","29926773.00","29735785.00"
"115/08/18","114","1","9905","大華","-144091.00","88609.00","-1525.00","43450.00","-13557.00","662151.00","648594.00"
"115/08/18","114","1","9906","欣巴巴","-895130.00","-1438.00","805754.00","--","-90814.00","1365148.00","1274334.00"
"115/08/18","114","1","9907","統一實","-260449.00","-518345.00","716755.00","143040.00","81001.00","4043771.00","4124772.00"
"115/08/18","114","1","9908","大台北","162714.00","-123956.00","1275.00","--","40033.00","2903616.00","2943649.00"
"115/08/18","114","1","9910","豐泰","-417313.00","-712168.00","-271996.00","67688.00","-1333789.00","5140543.00","3806754.00"
"115/08/18","114","1","9911","櫻花","295496.00","-220826.00","-40497.00","544.00","34717.00","2409248.00","2443965.00"
"115/08/18","114","1","9912","偉聯","-32234.00","-1150.00","33146.00","11504.00","11266.00","76577.00","87843.00"
"115/08/18","114","1","9914","美利達","-143936.00","163652.00","318484.00","47745.00","385945.00","3640467.00","4026412.00"
"115/08/18","114","1","9917","中保科","771331.00","-711696.00","398605.00","0.00","458240.00","5459747.00","5917987.00"
"115/08/18","114","1","9918","欣天然","131228.00","-26814.00","-1197.00","--","103217.00","531608.00","634825.00"
"115/08/18","114","1","9919","康那香","27787.00","-197777.00","-231913.00","21311.00","-380592.00","1630376.00","1249784.00"
"115/08/18","114","1","9921","巨大","1435333.00","-719448.00","-1620312.00","104734.00","-799693.00","13998819.00","13199126.00"
"115/08/18","114","1","9924","福興","481897.00","-337159.00","15486.00","28456.00","188680.00","2582187.00","2770867.00"
"115/08/18","114","1","9925","新保","237341.00","-251054.00","-133575.00","-964.00","-148252.00","3891045.00","3742793.00"
"115/08/18","114","1","9926","新海","197462.00","-307277.00","258.00","--","-109557.00","770299.00","660742.00"
"115/08/18","114","1","9927","泰銘","-59878.00","-105504.00","-412.00","2281.00","-163513.00","2447425.00","2283912.00"
"115/08/18","114","1","9928","中視","-31359.00","-11903.00","-1973.00","--","-45235.00","184474.00","139239.00"
"115/08/18","114","1","9929","秋雨","5050.00","-14807.00","-41397.00","--","-51154.00","308769.00","257615.00"
"115/08/18","114","1","9930","中聯資源","579111.00","-68786.00","-593016.00","2128.00","-80563.00","490442.00","409879.00"
"115/08/18","114","1","9931","欣高","299435.00","-155699.00","-1582.00","--","142154.00","317589.00","459743.00"
"115/08/18","114","1","9933","中鼎","3132489.00","2862978.00","791573.00","--","6787040.00","21116610.00","27903650.00"
"115/08/18","114","1","9934","成霖","-333515.00","-171451.00","-46419.00","71841.00","-479544.00","3309690.00","2830146.00"
"115/08/18","114","1","9935","慶豐富","-23572.00","-129268.00","-35137.00","14928.00","-173049.00","621137.00","448088.00"
"115/08/18","114","1","9937","全國","1966121.00","-59272.00","-100828.00","--","1806021.00","537746.00","2343767.00"
"115/08/18","114","1","9938","百和","292444.00","-472068.00","499013.00","48907.00","368296.00","3727681.00","4095977.00"
"115/08/18","114","1","9939","宏全","669077.00","-2034279.00","949533.00","60664.00","-355005.00","4847741.00","4492736.00"
"115/08/18","114","1","9940","信義","-1138834.00","-725454.00","1156175.00","92942.00","-615171.00","4205337.00","3590166.00"
"115/08/18","114","1","9941","裕融","4713099.00","-630793.00","-4001500.00","44067.00","124873.00","6078436.00","6203309.00"
"115/08/18","114","1","9942","茂順","119911.00","-334037.00","-3490.00","30787.00","-186829.00","433850.00","247021.00"
"115/08/18","114","1","9943","好樂迪","189669.00","-185034.00","-64600.00","0.00","-59965.00","361041.00","301076.00"
"115/08/18","114","1","9944","新麗","46011.00","-65335.00","4918.00","22102.00","7696.00","2319329.00","2327025.00"
"115/08/18","114","1","9945","潤泰新","151886.00","291094.00","356809.00","1583.00","801372.00","5923952.00","6725324.00"
"115/08/18","114","1","9946","三發地產","-711097.00","50741.00","255923.00","--","-404433.00","2151518.00","1747085.00"
"115/08/18","114","1","9955","佳龍","9124.00","-15434.00","-5234.00","1260.00","-10284.00","108812.00","98528.00"
"115/08/18","114","1","9958","世紀鋼","-466052.00","-89750.00","321303.00","-380.00","-234879.00","6574329.00","6339450.00"
