出表日期,年度,季別,公司代號,公司名稱,營業活動之淨現金流入（流出）,投資活動之淨現金流入（流出）,籌資活動之淨現金流入（流出）,匯率變動對現金及約當現金之影響,本期現金及約當現金增加（減少）數,期初現金及約當現金餘額,期末現金及約當現金餘額
"115/09/02","115","2","1101","台泥","7903379.00","3771693.00","-8630717.00","89650.00","3134005.00","90165009.00","93299014.00"
"115/09/02","115","2","1102","亞泥","3028658.00","993618.00","-1027565.00","240824.00","3235535.00","12981458.00","16216993.00"
"115/09/02","115","2","1103","嘉泥","-324485.00","-561550.00","799386.00","12859.00","-73790.00","1875061.00","1801271.00"
"115/09/02","115","2","1104","環泥","752168.00","-394680.00","-927408.00","2841.00","-567079.00","1727996.00","1160917.00"
"115/09/02","115","2","1108","幸福","149111.00","-55581.00","-37810.00","--","55720.00","281232.00","336952.00"
"115/09/02","115","2","1109","信大","139410.00","-491398.00","-38852.00","42183.00","-348657.00","2360669.00","2012012.00"
"115/09/02","115","2","1110","東泥","402552.00","-281094.00","-138306.00","--","-16848.00","618253.00","601405.00"
"115/09/02","115","2","1201","味全","256095.00","-677629.00","692593.00","29130.00","300189.00","963800.00","1263989.00"
"115/09/02","115","2","1203","味王","496918.00","-37291.00","-333331.00","-59960.00","66336.00","2188536.00","2254872.00"
"115/09/02","115","2","1210","大成","2726228.00","-3856442.00","144153.00","409895.00","-576166.00","8709608.00","8133442.00"
"115/09/02","115","2","1213","大飲","4784.00","-25963.00","-6676.00","497.00","-27358.00","45065.00","17707.00"
"115/09/02","115","2","1215","卜蜂","1251944.00","-2007462.00","704715.00","-69.00","-50872.00","301893.00","251021.00"
"115/09/02","115","2","1216","統一","30750026.00","-18689751.00","-3248629.00","-37538.00","8774108.00","103180043.00","111954151.00"
"115/09/02","115","2","1217","愛之味","102130.00","-18294.00","-120874.00","-22405.00","-59443.00","612023.00","552580.00"
"115/09/02","115","2","1218","泰山","356968.00","-137708.00","-7722.00","15893.00","227431.00","700264.00","927695.00"
"115/09/02","115","2","1219","福壽","-220394.00","-120741.00","364663.00","166.00","23694.00","808417.00","832111.00"
"115/09/02","115","2","1220","台榮","10149.00","-102216.00","51763.00","--","-40304.00","309593.00","269289.00"
"115/09/02","115","2","1225","福懋油","183315.00","-68749.00","368600.00","4525.00","487691.00","1165346.00","1653037.00"
"115/09/02","115","2","1227","佳格","180710.00","-2765683.00","1906116.00","62409.00","-616448.00","2676699.00","2060251.00"
"115/09/02","115","2","1229","聯華","1287962.00","-971294.00","215611.00","52551.00","584830.00","5379898.00","5964728.00"
"115/09/02","115","2","1231","聯華食","274492.00","-841772.00","718530.00","4411.00","155661.00","472877.00","628538.00"
"115/09/02","115","2","1232","大統益","696778.00","-189324.00","-24943.00","--","482511.00","2689951.00","3172462.00"
"115/09/02","115","2","1233","天仁","148645.00","-18246.00","-101326.00","2827.00","31900.00","154735.00","186635.00"
"115/09/02","115","2","1234","黑松","430475.00","-254287.00","-112215.00","11375.00","75348.00","1207454.00","1282802.00"
"115/09/02","115","2","1235","興泰","-3370.00","168123.00","-194045.00","--","-29292.00","85895.00","56603.00"
"115/09/02","115","2","1236","宏亞","97110.00","25412.00","-94366.00","--","28156.00","36996.00","65152.00"
"115/09/02","115","2","1256","鮮活果汁-KY","294969.00","-93963.00","118295.00","74714.00","394015.00","656916.00","1050931.00"
"115/09/02","115","2","1301","台塑","-4083686.00","-3263156.00","7246374.00","459179.00","358711.00","10631822.00","10990533.00"
"115/09/02","115","2","1303","南亞","3278205.00","-14387540.00","3691406.00","3214212.00","-4203717.00","46149879.00","41946162.00"
"115/09/02","115","2","1304","台聚","-538301.00","-794162.00","2021576.00","126508.00","815621.00","3897651.00","4713272.00"
"115/09/02","115","2","1305","華夏","242286.00","-1119029.00","1332160.00","1582.00","456999.00","512420.00","969419.00"
"115/09/02","115","2","1307","三芳","-149507.00","-108991.00","167861.00","95220.00","4583.00","3577125.00","3581708.00"
"115/09/02","115","2","1308","亞聚","375052.00","51.00","-201519.00","12951.00","186535.00","590455.00","776990.00"
"115/09/02","115","2","1309","台達化","-1101560.00","355467.00","417544.00","-1667.00","-330216.00","669196.00","338980.00"
"115/09/02","115","2","1310","台苯","-326302.00","1928153.00","-1153956.00","-103.00","447792.00","568522.00","1016314.00"
"115/09/02","115","2","1312","國喬","47405.00","-1276573.00","384910.00","227976.00","-616282.00","8331891.00","7715609.00"
"115/09/02","115","2","1313","聯成","-327364.00","234375.00","-69355.00","1862.00","-160482.00","3174614.00","3014132.00"
"115/09/02","115","2","1314","中石化","348987.00","3444913.00","-3329796.00","-42695.00","421409.00","1822499.00","2243908.00"
"115/09/02","115","2","1315","達新","44793.00","-353647.00","-243402.00","9659.00","-542597.00","2383997.00","1841400.00"
"115/09/02","115","2","1316","上曜","-1025962.00","-56038.00","1095514.00","4707.00","18221.00","2907472.00","2925693.00"
"115/09/02","115","2","1319","東陽","4436563.00","-1212360.00","-656195.00","35830.00","2603838.00","2661707.00","5265545.00"
"115/09/02","115","2","1321","大洋","148212.00","-69587.00","57118.00","6838.00","142581.00","438417.00","580998.00"
"115/09/02","115","2","1323","永裕","71869.00","31169.00","-254957.00","51950.00","-99969.00","946860.00","846891.00"
"115/09/02","115","2","1324","地球","25341.00","-2083.00","-4006.00","1813.00","21065.00","219749.00","240814.00"
"115/09/02","115","2","1325","恆大","-24534.00","2612.00","45.00","6905.00","-14972.00","368024.00","353052.00"
"115/09/02","115","2","1326","台化","-446000.00","-2745336.00","5074960.00","-641739.00","1241885.00","17194155.00","18436040.00"
"115/09/02","115","2","1337","再生-KY","-80018.00","-414877.00","-33806.00","85450.00","-443251.00","1499367.00","1056116.00"
"115/09/02","115","2","1338","廣華-KY","209097.00","-281382.00","115794.00","117344.00","160853.00","2057375.00","2218228.00"
"115/09/02","115","2","1339","昭輝","222008.00","-80892.00","-78445.00","-5572.00","57099.00","613253.00","670352.00"
"115/09/02","115","2","1340","勝悅-KY","-2089.00","-87847.00","36791.00","33842.00","-19303.00","555802.00","536499.00"
"115/09/02","115","2","1341","富林-KY","30752.00","183985.00","-167418.00","1595.00","48914.00","423486.00","472400.00"
"115/09/02","115","2","1342","八貫","179323.00","-114572.00","-243997.00","--","-179246.00","357751.00","178505.00"
"115/09/02","115","2","1402","遠東新","15841786.00","-9553616.00","-2377296.00","547099.00","4457973.00","39184652.00","43642625.00"
"115/09/02","115","2","1410","南染","7132.00","87716.00","-478.00","--","94370.00","404866.00","499236.00"
"115/09/02","115","2","1413","宏洲","124238.00","-5197.00","-120650.00","--","-1609.00","53608.00","51999.00"
"115/09/02","115","2","1414","東和","137926.00","-59747.00","-109102.00","--","-30923.00","165337.00","134414.00"
"115/09/02","115","2","1416","廣豐","161042.00","-119113.00","7971.00","4017.00","53917.00","173778.00","227695.00"
"115/09/02","115","2","1417","嘉裕","14488.00","-1958.00","-90732.00","5076.00","-73126.00","805330.00","732204.00"
"115/09/02","115","2","1418","東華","-113070.00","58323.00","14237.00","26.00","-40484.00","732238.00","691754.00"
"115/09/02","115","2","1419","新紡","-181609.00","3174862.00","-2715720.00","-111.00","277422.00","1400248.00","1677670.00"
"115/09/02","115","2","1423","利華","13130.00","115808.00","-448.00","--","128490.00","100693.00","229183.00"
"115/09/02","115","2","1432","大魯閣","-435774.00","380359.00","-255589.00","813.00","-310191.00","906753.00","596562.00"
"115/09/02","115","2","1434","福懋","941944.00","-463064.00","21810.00","133750.00","634440.00","3227056.00","3861496.00"
"115/09/02","115","2","1435","中福","-69110.00","39448.00","-3.00","--","-29665.00","46167.00","16502.00"
"115/09/02","115","2","1436","華友聯","661249.00","-72112.00","-595650.00","--","-6513.00","2037456.00","2030943.00"
"115/09/02","115","2","1437","勤益控","21533.00","-22270.00","-84086.00","3289.00","-81534.00","613271.00","531737.00"
"115/09/02","115","2","1438","三地開發","-557387.00","-143656.00","452107.00","--","-248936.00","326958.00","78022.00"
"115/09/02","115","2","1439","雋揚","-171824.00","15290.00","162709.00","--","6175.00","689238.00","695413.00"
"115/09/02","115","2","1440","南紡","266972.00","-408393.00","-1081556.00","79340.00","-1143637.00","4992099.00","3848462.00"
"115/09/02","115","2","1441","大東","-22693.00","-3828.00","30112.00","863.00","4454.00","87728.00","92182.00"
"115/09/02","115","2","1442","名軒","-413496.00","6547.00","385953.00","--","-20996.00","604836.00","583840.00"
"115/09/02","115","2","1443","立益物流","213383.00","-158751.00","20656.00","-108828.00","-33540.00","158382.00","124842.00"
"115/09/02","115","2","1444","力麗","317396.00","-718691.00","394831.00","1870.00","-4594.00","550540.00","545946.00"
"115/09/02","115","2","1445","大宇","-14570.00","43914.00","-66112.00","1361.00","-35407.00","267858.00","232451.00"
"115/09/02","115","2","1446","宏和","145035.00","-504.00","-36197.00","45.00","108379.00","1208659.00","1317038.00"
"115/09/02","115","2","1447","力鵬","296492.00","-281384.00","-332420.00","11140.00","-306172.00","1441973.00","1135801.00"
"115/09/02","115","2","1449","佳和","-200392.00","-228171.00","382998.00","-378.00","-45943.00","518723.00","472780.00"
"115/09/02","115","2","1451","年興","-23489.00","352990.00","-225800.00","25146.00","128847.00","1050296.00","1179143.00"
"115/09/02","115","2","1452","宏益","90023.00","25158.00","-905.00","--","114276.00","414825.00","529101.00"
"115/09/02","115","2","1453","大將","-118174.00","23.00","124286.00","--","6135.00","5535.00","11670.00"
"115/09/02","115","2","1454","台富","7127.00","32096.00","33951.00","--","73174.00","49484.00","122658.00"
"115/09/02","115","2","1455","集盛","22351.00","-90698.00","271160.00","950.00","203763.00","267108.00","470871.00"
"115/09/02","115","2","1456","怡華","-175566.00","-18086.00","227404.00","--","33752.00","53135.00","86887.00"
"115/09/02","115","2","1457","宜進","731081.00","191296.00","-897793.00","--","24584.00","286236.00","310820.00"
"115/09/02","115","2","1459","聯發","112526.00","472459.00","-88976.00","440.00","496449.00","801016.00","1297465.00"
"115/09/02","115","2","1460","宏遠","361216.00","-202915.00","-320172.00","2883.00","-158988.00","742589.00","583601.00"
"115/09/02","115","2","1463","強盛新","-15226.00","11983.00","-1685.00","--","-4928.00","833253.00","828325.00"
"115/09/02","115","2","1464","得力","645586.00","-421238.00","-136722.00","44967.00","132593.00","1527742.00","1660335.00"
"115/09/02","115","2","1465","偉全","-8236.00","-17293.00","-98.00","--","-25627.00","293336.00","267709.00"
"115/09/02","115","2","1466","聚隆","82500.00","-162848.00","-48894.00","--","-129242.00","630770.00","501528.00"
"115/09/02","115","2","1467","南緯","-105041.00","-58119.00","142305.00","32580.00","11725.00","1699419.00","1711144.00"
"115/09/02","115","2","1468","昶和","-10001.00","38841.00","-6725.00","8342.00","30457.00","447437.00","477894.00"
"115/09/02","115","2","1470","大統新創","58900.00","-20574.00","-1976.00","-963.00","35387.00","232883.00","268270.00"
"115/09/02","115","2","1471","首利","-128738.00","644221.00","-4579.00","-10902.00","500002.00","499229.00","999231.00"
"115/09/02","115","2","1472","三洋實業","-60814.00","-22002.00","43865.00","0.00","-38951.00","1459033.00","1420082.00"
"115/09/02","115","2","1473","台南","-94543.00","-135195.00","254025.00","18134.00","42421.00","621938.00","664359.00"
"115/09/02","115","2","1474","弘裕","240808.00","-85794.00","83699.00","7220.00","245933.00","502366.00","748299.00"
"115/09/02","115","2","1475","業旺","86163.00","117956.00","-265150.00","159.00","-60872.00","1115935.00","1055063.00"
"115/09/02","115","2","1476","儒鴻","3150337.00","-91294.00","-311322.00","43840.00","2791561.00","3409474.00","6201035.00"
"115/09/02","115","2","1477","聚陽","2239617.00","-282551.00","-2363302.00","36949.00","-369287.00","2624188.00","2254901.00"
"115/09/02","115","2","1503","士電","546592.00","-819147.00","-759276.00","140661.00","-891170.00","5094258.00","4203088.00"
"115/09/02","115","2","1504","東元","3669127.00","52905.00","-1997914.00","523639.00","2247757.00","26224399.00","28472156.00"
"115/09/02","115","2","1506","正道","-31863.00","-119997.00","7832.00","2466.00","-141562.00","216217.00","74655.00"
"115/09/02","115","2","1512","瑞利","-33010.00","-76462.00","39907.00","9744.00","-59821.00","167369.00","107548.00"
"115/09/02","115","2","1513","中興電","1865669.00","-359348.00","-2367096.00","78431.00","-782344.00","3458480.00","2676136.00"
"115/09/02","115","2","1514","亞力","80860.00","-97921.00","-437451.00","657.00","-453855.00","1694233.00","1240378.00"
"115/09/02","115","2","1515","力山","-177293.00","-516963.00","399454.00","13763.00","-281039.00","2019518.00","1738479.00"
"115/09/02","115","2","1516","川飛","-3917.00","10011.00","--","--","6094.00","85123.00","91217.00"
"115/09/02","115","2","1517","利奇","1836.00","26287.00","123592.00","8383.00","160098.00","641687.00","801785.00"
"115/09/02","115","2","1519","華城","3496632.00","-1052150.00","-93716.00","15789.00","2366555.00","4795777.00","7162332.00"
"115/09/02","115","2","1521","大億","89732.00","-36520.00","92243.00","0.00","145455.00","185633.00","331088.00"
"115/09/02","115","2","1522","堤維西","703232.00","-1018148.00","435877.00","-67157.00","53804.00","2358246.00","2412050.00"
"115/09/02","115","2","1524","耿鼎","315442.00","-229425.00","-99584.00","--","-13567.00","317161.00","303594.00"
"115/09/02","115","2","1525","江申","-104418.00","613302.00","28.00","59457.00","568369.00","1499455.00","2067824.00"
"115/09/02","115","2","1526","日馳","36127.00","-8910.00","7204.00","12775.00","47196.00","424313.00","471509.00"
"115/09/02","115","2","1527","鑽全","165544.00","107350.00","-1817.00","--","271077.00","178636.00","449713.00"
"115/09/02","115","2","1528","恩德","-49027.00","-8292.00","-7326.00","2806.00","-61839.00","616896.00","555057.00"
"115/09/02","115","2","1529","樂事綠能","67271.00","-51265.00","-4335.00","0.00","11671.00","297561.00","309232.00"
"115/09/02","115","2","1530","亞崴","-15346.00","22919.00","-50803.00","21564.00","-21666.00","1020136.00","998470.00"
"115/09/02","115","2","1531","高林股","216847.00","-524905.00","88731.00","11098.00","-208229.00","937485.00","729256.00"
"115/09/02","115","2","1532","勤美","187781.00","-595828.00","-108106.00","144181.00","-371972.00","5957616.00","5585644.00"
"115/09/02","115","2","1533","車王電","-526764.00","-119029.00","625242.00","24731.00","4180.00","622829.00","627009.00"
"115/09/02","115","2","1535","中宇","92831.00","-130921.00","-12425.00","38661.00","-11854.00","1520376.00","1508522.00"
"115/09/02","115","2","1536","和大","315609.00","-110857.00","-204498.00","4551.00","4805.00","724847.00","729652.00"
"115/09/02","115","2","1537","廣隆","278007.00","-19079.00","201.00","26971.00","286100.00","2009094.00","2295194.00"
"115/09/02","115","2","1538","正峰","-34083.00","-795.00","3859.00","25335.00","-5684.00","20339.00","14655.00"
"115/09/02","115","2","1539","巨庭","78701.00","-13514.00","34770.00","11.00","99968.00","489723.00","589691.00"
"115/09/02","115","2","1540","喬福","77906.00","-245561.00","--","218.00","-167437.00","206004.00","38567.00"
"115/09/02","115","2","1541","錩泰","457904.00","-48631.00","-27431.00","3359.00","385201.00","148091.00","533292.00"
"115/09/02","115","2","1558","伸興","314289.00","-991934.00","-27124.00","108264.00","-596505.00","2670322.00","2073817.00"
"115/09/02","115","2","1560","中砂","1256630.00","-914168.00","418242.00","-10309.00","750395.00","1573289.00","2323684.00"
"115/09/02","115","2","1563","巧新","746515.00","-1668208.00","1205873.00","952.00","285132.00","3212539.00","3497671.00"
"115/09/02","115","2","1568","倉佑","104049.00","-117434.00","75530.00","-14102.00","48043.00","420826.00","468869.00"
"115/09/02","115","2","1582","信錦","-375906.00","83202.00","158946.00","127305.00","-6453.00","4075036.00","4068583.00"
"115/09/02","115","2","1583","程泰","49694.00","-172488.00","-143225.00","54083.00","-211936.00","2133132.00","1921196.00"
"115/09/02","115","2","1587","吉茂","185251.00","-27544.00","-71158.00","42259.00","128808.00","442448.00","571256.00"
"115/09/02","115","2","1590","亞德客-KY","5954216.00","-1534204.00","132074.00","166237.00","4718323.00","3977215.00","8695538.00"
"115/09/02","115","2","1597","直得","200673.00","79436.00","-44711.00","9368.00","244766.00","706758.00","951524.00"
"115/09/02","115","2","1598","岱宇","438588.00","386719.00","-602756.00","2284.00","224835.00","610052.00","834887.00"
"115/09/02","115","2","1603","華電","255765.00","98185.00","-171597.00","--","182353.00","135698.00","318051.00"
"115/09/02","115","2","1604","聲寶","128832.00","-466510.00","554688.00","7922.00","224932.00","883889.00","1108821.00"
"115/09/02","115","2","1605","華新","-2034710.00","1153211.00","3529966.00","973110.00","3621577.00","14215311.00","17836888.00"
"115/09/02","115","2","1608","華榮","-315661.00","-80914.00","528865.00","--","132290.00","394203.00","526493.00"
"115/09/02","115","2","1609","大亞","1222191.00","-1040971.00","1580675.00","13344.00","1775239.00","6417892.00","8193131.00"
"115/09/02","115","2","1611","中電","65711.00","283627.00","-279451.00","4278.00","74165.00","362797.00","436962.00"
"115/09/02","115","2","1612","宏泰","-244313.00","78498.00","625.00","1146.00","-164044.00","1450333.00","1286289.00"
"115/09/02","115","2","1614","三洋電","-15703.00","33280.00","-2524.00","--","15053.00","66101.00","81154.00"
"115/09/02","115","2","1615","大山","529012.00","-96616.00","-436175.00","--","-3779.00","99067.00","95288.00"
"115/09/02","115","2","1616","億泰","-101552.00","24454.00","124758.00","6829.00","54489.00","523717.00","578206.00"
"115/09/02","115","2","1617","榮星","-161466.00","200094.00","-54988.00","4789.00","-11571.00","510598.00","499027.00"
"115/09/02","115","2","1618","合機","607145.00","-37711.00","-181352.00","84.00","388166.00","187222.00","575388.00"
"115/09/02","115","2","1623","大東電","-211391.00","-46692.00","355413.00","--","97330.00","510430.00","607760.00"
"115/09/02","115","2","1626","艾美特-KY","-116757.00","-145581.00","205476.00","127328.00","70466.00","765494.00","835960.00"
"115/09/02","115","2","1702","南僑","553086.00","-1274480.00","-513784.00","358496.00","-876682.00","5365659.00","4488977.00"
"115/09/02","115","2","1707","葡萄王","658769.00","-338960.00","-965263.00","20127.00","-625327.00","4164558.00","3539231.00"
"115/09/02","115","2","1708","東鹼","536828.00","-54470.00","-535660.00","8658.00","-44644.00","1661212.00","1616568.00"
"115/09/02","115","2","1709","和益","452380.00","135726.00","-633610.00","-154.00","-45658.00","501351.00","455693.00"
"115/09/02","115","2","1710","東聯","-1338893.00","-58450.00","1231122.00","2049.00","-164172.00","1532486.00","1368314.00"
"115/09/02","115","2","1711","永光","377058.00","-385850.00","209496.00","7876.00","208580.00","1119887.00","1328467.00"
"115/09/02","115","2","1712","興農","45825.00","53235.00","-341561.00","20749.00","-221752.00","1989350.00","1767598.00"
"115/09/02","115","2","1713","國化","-32610.00","58385.00","-625.00","--","25150.00","102085.00","127235.00"
"115/09/02","115","2","1714","和桐","1051380.00","-513368.00","-307832.00","140053.00","370233.00","6380349.00","6750582.00"
"115/09/02","115","2","1717","長興","2369005.00","-698945.00","2012554.00","159500.00","3842114.00","6044025.00","9886139.00"
"115/09/02","115","2","1720","生達","611467.00","-262860.00","-166842.00","-1138.00","180627.00","1833746.00","2014373.00"
"115/09/02","115","2","1721","三晃","-102121.00","74101.00","-168581.00","--","-196601.00","504789.00","308188.00"
"115/09/02","115","2","1722","台肥","297095.00","-1051541.00","1509945.00","1319.00","756818.00","1949825.00","2706643.00"
"115/09/02","115","2","1723","中碳","524288.00","-365172.00","-470538.00","7297.00","-304125.00","1113759.00","809634.00"
"115/09/02","115","2","1725","元禎","156736.00","876.00","-26368.00","13684.00","144928.00","677655.00","822583.00"
"115/09/02","115","2","1726","永記","395558.00","73952.00","-15334.00","79736.00","533912.00","1817539.00","2351451.00"
"115/09/02","115","2","1727","中華化","37786.00","-250162.00","256337.00","--","43961.00","126374.00","170335.00"
"115/09/02","115","2","1730","花仙子","134743.00","-564448.00","355416.00","8809.00","-65480.00","1007812.00","942332.00"
"115/09/02","115","2","1731","美吾華","77286.00","-92740.00","-1114.00","1997.00","-14571.00","225062.00","210491.00"
"115/09/02","115","2","1732","毛寶","21862.00","-22642.00","-713.00","2029.00","536.00","209336.00","209872.00"
"115/09/02","115","2","1733","五鼎","189381.00","-13282.00","-4525.00","-1007.00","170567.00","567091.00","737658.00"
"115/09/02","115","2","1734","杏輝","194445.00","-133402.00","535527.00","16137.00","612707.00","864139.00","1476846.00"
"115/09/02","115","2","1735","日勝化","28573.00","-8098.00","9546.00","14318.00","44339.00","393681.00","438020.00"
"115/09/02","115","2","1736","喬山","3238387.00","-614609.00","-2286936.00","-265878.00","70964.00","3302851.00","3373815.00"
"115/09/02","115","2","1737","臺鹽","281404.00","-76461.00","14171.00","888.00","220002.00","1349371.00","1569373.00"
"115/09/02","115","2","1752","南光","120790.00","-126689.00","23785.00","--","17886.00","345669.00","363555.00"
"115/09/02","115","2","1760","寶齡富錦","140483.00","-77592.00","-52763.00","978.00","11106.00","460316.00","471422.00"
"115/09/02","115","2","1762","中化生","199509.00","-35366.00","-50886.00","262.00","113519.00","216437.00","329956.00"
"115/09/02","115","2","1773","勝一","1172483.00","-1038681.00","-70144.00","-143.00","63515.00","310657.00","374172.00"
"115/09/02","115","2","1776","展宇","2976.00","-32265.00","-82208.00","28114.00","-83383.00","465543.00","382160.00"
"115/09/02","115","2","1783","和康生","155439.00","19008.00","-1818.00","-3055.00","169574.00","576191.00","745765.00"
"115/09/02","115","2","1786","科妍","116393.00","-28983.00","-255489.00","74.00","-168005.00","845808.00","677803.00"
"115/09/02","115","2","1789","神隆","436678.00","-101029.00","37643.00","15217.00","388509.00","3110074.00","3498583.00"
"115/09/02","115","2","1795","美時","676410.00","-3636575.00","1496740.00","49240.00","-1414185.00","7739617.00","6325432.00"
"115/09/02","115","2","1802","台玻","1206679.00","-4094808.00","-316990.00","583553.00","-2621566.00","8735559.00","6113993.00"
"115/09/02","115","2","1805","寶徠","-14582.00","0.00","37720.00","-64.00","23074.00","388030.00","411104.00"
"115/09/02","115","2","1806","冠軍","-82125.00","-71159.00","-384115.00","6218.00","-531181.00","1888918.00","1357737.00"
"115/09/02","115","2","1808","潤隆","8642271.00","44696.00","-4428160.00","--","4258807.00","5381377.00","9640184.00"
"115/09/02","115","2","1809","中釉","-13369.00","-5152.00","-9320.00","26323.00","-1518.00","583766.00","582248.00"
"115/09/02","115","2","1810","和成","-76198.00","181786.00","-50092.00","1644.00","57140.00","599185.00","656325.00"
"115/09/02","115","2","1817","凱撒衛","171374.00","-180477.00","-10445.00","17330.00","-2218.00","377278.00","375060.00"
"115/09/02","115","2","1903","士紙","-2905.00","-313582.00","-17561.00","--","-334048.00","513921.00","179873.00"
"115/09/02","115","2","1904","正隆","2840835.00","-1577902.00","1425620.00","202.00","2688755.00","5964347.00","8653102.00"
"115/09/02","115","2","1905","華紙","11838.00","-841967.00","544459.00","-24428.00","-310098.00","1940276.00","1630178.00"
"115/09/02","115","2","1906","寶隆","53120.00","-60411.00","-730.00","--","-8021.00","152096.00","144075.00"
"115/09/02","115","2","1907","永豐餘","1812608.00","-3716553.00","1215015.00","221265.00","-467665.00","11679948.00","11212283.00"
"115/09/02","115","2","1909","榮成","1338104.00","-178908.00","-126372.00","-980476.00","52348.00","1200933.00","1253281.00"
"115/09/02","115","2","2002","中鋼","10615408.00","-5900901.00","-5741158.00","898118.00","-128533.00","16818790.00","16690257.00"
"115/09/02","115","2","2006","東和鋼鐵","3663449.00","-796855.00","-2926917.00","19964.00","-40359.00","1267035.00","1226676.00"
"115/09/02","115","2","2007","燁興","15970.00","-13762.00","-42742.00","--","-40534.00","142530.00","101996.00"
"115/09/02","115","2","2008","高興昌","-77826.00","264237.00","-115585.00","--","70826.00","262448.00","333274.00"
"115/09/02","115","2","2009","第一銅","-142509.00","-109750.00","290695.00","--","38436.00","101700.00","140136.00"
"115/09/02","115","2","2010","春源","1656027.00","-4298.00","-1320850.00","102509.00","433388.00","609169.00","1042557.00"
"115/09/02","115","2","2012","春雨","185975.00","30750.00","3738.00","29371.00","249834.00","724463.00","974297.00"
"115/09/02","115","2","2013","中鋼構","-1226680.00","-184087.00","930177.00","--","-480590.00","1258240.00","777650.00"
"115/09/02","115","2","2014","中鴻","1536219.00","-95914.00","-967419.00","--","472886.00","751883.00","1224769.00"
"115/09/02","115","2","2015","豐興","1758990.00","-424239.00","-1741583.00","--","-406832.00","2979289.00","2572457.00"
"115/09/02","115","2","2017","官田鋼","-226816.00","-1098056.00","1336494.00","--","11622.00","294265.00","305887.00"
"115/09/02","115","2","2020","美亞","126878.00","-150520.00","53746.00","1850.00","31954.00","659039.00","690993.00"
"115/09/02","115","2","2022","聚亨","27426.00","-314983.00","839615.00","-293239.00","258819.00","794274.00","1053093.00"
"115/09/02","115","2","2023","燁輝","-2531448.00","-1341848.00","2467268.00","-163013.00","-1569041.00","8708576.00","7139535.00"
"115/09/02","115","2","2024","志聯","50749.00","-4221.00","-23931.00","-197.00","22400.00","95078.00","117478.00"
"115/09/02","115","2","2025","千興","31171.00","45666.00","-112375.00","-2.00","-35540.00","98100.00","62560.00"
"115/09/02","115","2","2027","大成鋼","12480568.00","-3516375.00","-5330654.00","89873.00","3723412.00","10004309.00","13727721.00"
"115/09/02","115","2","2028","威致","644056.00","-259433.00","-284880.00","--","99743.00","90495.00","190238.00"
"115/09/02","115","2","2029","盛餘","259260.00","-657565.00","-39450.00","14626.00","-423129.00","2986466.00","2563337.00"
"115/09/02","115","2","2030","彰源","-37204.00","-391169.00","811722.00","43779.00","427128.00","1223856.00","1650984.00"
"115/09/02","115","2","2031","新光鋼","-360837.00","-658586.00","992619.00","67.00","-26737.00","1269648.00","1242911.00"
"115/09/02","115","2","2032","新鋼","-51795.00","-20905.00","60887.00","--","-11813.00","226691.00","214878.00"
"115/09/02","115","2","2033","佳大","51368.00","-70136.00","11904.00","--","-6864.00","63333.00","56469.00"
"115/09/02","115","2","2034","允強","-1381589.00","-251293.00","1783287.00","-227378.00","-76973.00","994084.00","917111.00"
"115/09/02","115","2","2038","海光","970504.00","-99648.00","-708381.00","--","162475.00","430946.00","593421.00"
"115/09/02","115","2","2049","上銀","3311305.00","-1064581.00","-565182.00","56275.00","1737817.00","7624371.00","9362188.00"
"115/09/02","115","2","2059","川湖","5773574.00","-504487.00","-180158.00","215630.00","5304559.00","24079620.00","29384179.00"
"115/09/02","115","2","2062","橋椿","338824.00","-403244.00","-22941.00","9591.00","-77770.00","1159232.00","1081462.00"
"115/09/02","115","2","2069","運錩","-114454.00","-413716.00","553389.00","74469.00","99688.00","150356.00","250044.00"
"115/09/02","115","2","2072","世紀風電","947517.00","-5785139.00","5559758.00","--","722136.00","7919598.00","8641734.00"
"115/09/02","115","2","2101","南港","5250681.00","3328064.00","-7401717.00","77923.00","1254951.00","1110688.00","2365639.00"
"115/09/02","115","2","2102","泰豐","-140816.00","-40055.00","-57626.00","16076.00","-222421.00","2896330.00","2673909.00"
"115/09/02","115","2","2103","台橡","301119.00","-1336005.00","1025251.00","440475.00","430840.00","6686122.00","7116962.00"
"115/09/02","115","2","2104","國際中橡","1146626.00","1930424.00","20626.00","-213581.00","2884095.00","10593696.00","13477791.00"
"115/09/02","115","2","2105","正新","8350559.00","1033017.00","-2954150.00","916465.00","7345891.00","22399032.00","29744923.00"
"115/09/02","115","2","2106","建大","436009.00","-1352311.00","461815.00","46606.00","-407881.00","9331556.00","8923675.00"
"115/09/02","115","2","2107","厚生","24656.00","-262101.00","-31832.00","185.00","-269092.00","1478730.00","1209638.00"
"115/09/02","115","2","2108","南帝","592931.00","-1404331.00","-427400.00","187218.00","-1051582.00","9551171.00","8499589.00"
"115/09/02","115","2","2109","華豐","299031.00","-1343807.00","-110343.00","-30539.00","-1185658.00","3260343.00","2074685.00"
"115/09/02","115","2","2114","鑫永銓","229177.00","-97015.00","-38581.00","-14792.00","78789.00","546149.00","624938.00"
"115/09/02","115","2","2115","六暉-KY","-17406.00","-60983.00","102300.00","21328.00","45239.00","829023.00","874262.00"
"115/09/02","115","2","2201","裕隆","2605031.00","-2695294.00","-1002863.00","102013.00","-991113.00","11838642.00","10847529.00"
"115/09/02","115","2","2204","中華","757747.00","-150638.00","-604794.00","58210.00","60525.00","4218448.00","4278973.00"
"115/09/02","115","2","2206","三陽工業","1819984.00","-2076391.00","-2987798.00","95155.00","-3149050.00","10795600.00","7646550.00"
"115/09/02","115","2","2208","台船","-7903899.00","-1056864.00","8398218.00","--","-562545.00","1909943.00","1347398.00"
"115/09/02","115","2","2211","長榮鋼","1194267.00","735520.00","-447332.00","--","1482455.00","1933656.00","3416111.00"
"115/09/02","115","2","2227","裕日車","-785420.00","29274.00","-23335.00","79419.00","-700062.00","5530134.00","4830072.00"
"115/09/02","115","2","2228","劍麟","52000.00","-414465.00","-10621.00","116111.00","-256975.00","759829.00","502854.00"
"115/09/02","115","2","2231","為升","46083.00","-415849.00","-114702.00","17354.00","-467114.00","1417441.00","950327.00"
"115/09/02","115","2","2233","宇隆","279153.00","-658455.00","108718.00","76706.00","-193878.00","1306849.00","1112971.00"
"115/09/02","115","2","2236","百達-KY","319442.00","-154267.00","-204409.00","44378.00","5144.00","828933.00","834077.00"
"115/09/02","115","2","2237","華德動能-創","-554380.00","-74970.00","628493.00","0.00","-857.00","78743.00","77886.00"
"115/09/02","115","2","2239","英利-KY","531217.00","326470.00","42555.00","412419.00","1312661.00","6130280.00","7442941.00"
"115/09/02","115","2","2241","艾姆勒","-14612.00","-77040.00","52989.00","8116.00","-30547.00","197179.00","166632.00"
"115/09/02","115","2","2243","宏旭-KY","37607.00","-122467.00","177752.00","19999.00","112891.00","478159.00","591050.00"
"115/09/02","115","2","2247","汎德永業","4185896.00","-957034.00","-741968.00","--","2486894.00","2639545.00","5126439.00"
"115/09/02","115","2","2248","華勝-KY","118287.00","-174565.00","98039.00","50689.00","92450.00","650149.00","742599.00"
"115/09/02","115","2","2250","IKKA-KY","135749.00","-13660.00","-94116.00","-8514.00","19459.00","1355163.00","1374622.00"
"115/09/02","115","2","2254","巨鎧精密-創","-50482.00","-16115.00","126411.00","1499.00","61313.00","83570.00","144883.00"
"115/09/02","115","2","2258","鴻華先進-創","-2388799.00","-851091.00","4147350.00","16119.00","923579.00","1722333.00","2645912.00"
"115/09/02","115","2","2301","光寶科","-4238093.00","-7933001.00","3923872.00","2462884.00","-5784338.00","80974352.00","75190014.00"
"115/09/02","115","2","2302","麗正","75187.00","9851.00","-1661.00","-4519.00","78858.00","448174.00","527032.00"
"115/09/02","115","2","2303","聯電","55678697.00","-28774810.00","-14439252.00","1581778.00","14046413.00","110660052.00","124706465.00"
"115/09/02","115","2","2305","全友","44730.00","-124793.00","73597.00","29847.00","23381.00","540782.00","564163.00"
"115/09/02","115","2","2308","台達電","63100603.00","-30282455.00","-2619624.00","979505.00","31178029.00","151172175.00","182350204.00"
"115/09/02","115","2","2312","金寶","2843482.00","-1891228.00","11463200.00","1212698.00","13628152.00","13851982.00","27480134.00"
"115/09/02","115","2","2313","華通","834351.00","-4791300.00","3910512.00","488561.00","442124.00","11508955.00","11951079.00"
"115/09/02","115","2","2314","台揚","-36541.00","-4129.00","-7520.00","12420.00","-35770.00","100142.00","64372.00"
"115/09/02","115","2","2316","楠梓電","-297255.00","-185043.00","212166.00","38795.00","-231337.00","1040661.00","809324.00"
"115/09/02","115","2","2317","鴻海","-69122283.00","-25760829.00","15744993.00","25700229.00","-53437890.00","1016439967.00","963002077.00"
"115/09/02","115","2","2321","東訊","-68816.00","31965.00","-9957.00","--","-46808.00","145070.00","98262.00"
"115/09/02","115","2","2323","中環","-2032916.00","-1365.00","1380641.00","18039.00","-635601.00","2877568.00","2241967.00"
"115/09/02","115","2","2324","仁寶","-13657905.00","-5371036.00","17732458.00","934905.00","-361578.00","83290346.00","82928768.00"
"115/09/02","115","2","2327","國巨*","16478788.00","-45074871.00","94040886.00","577198.00","66022001.00","81473484.00","147495485.00"
"115/09/02","115","2","2328","廣宇","59665.00","-882745.00","-211138.00","-448256.00","-1482474.00","6340801.00","4858327.00"
"115/09/02","115","2","2329","華泰","644556.00","-1238090.00","900484.00","3560.00","310510.00","2718816.00","3029326.00"
"115/09/02","115","2","2330","台積電","1482341242.00","-849664174.00","-304563833.00","38248576.00","366361811.00","2767856402.00","3134218213.00"
"115/09/02","115","2","2331","精英","-405083.00","447755.00","25159.00","57864.00","125695.00","3482911.00","3608606.00"
"115/09/02","115","2","2332","友訊","-115299.00","63908.00","-91085.00","-57801.00","-200277.00","3171235.00","2970958.00"
"115/09/02","115","2","2337","旺宏","10033607.00","-697400.00","-1943261.00","-11035.00","7381911.00","14912667.00","22294578.00"
"115/09/02","115","2","2338","光罩","791155.00","-49997.00","-55586.00","8405.00","693977.00","862276.00","1556253.00"
"115/09/02","115","2","2340","台亞","-220091.00","-73628.00","555982.00","--","262263.00","2547511.00","2809774.00"
"115/09/02","115","2","2342","茂矽","36486.00","-173132.00","-19250.00","--","-155896.00","838162.00","682266.00"
"115/09/02","115","2","2344","華邦電","35672052.00","-8122911.00","18647881.00","-104519.00","46092503.00","15733774.00","61826277.00"
"115/09/02","115","2","2345","智邦","-15452605.00","9807095.00","5389930.00","42104.00","-213476.00","27890576.00","27677100.00"
"115/09/02","115","2","2347","聯強","-43661025.00","8386131.00","24731674.00","2311328.00","-8231892.00","24422175.00","16190283.00"
"115/09/02","115","2","2348","海悅","-2119879.00","-706907.00","1636278.00","--","-1190508.00","5923229.00","4732721.00"
"115/09/02","115","2","2349","錸德","43953.00","-876833.00","-465957.00","255247.00","-1043590.00","3675880.00","2632290.00"
"115/09/02","115","2","2351","順德","375089.00","-551198.00","459746.00","10277.00","293914.00","1026336.00","1320250.00"
"115/09/02","115","2","2352","佳世達","-2254983.00","-10495316.00","10704311.00","546302.00","-1499686.00","26577881.00","25078195.00"
"115/09/02","115","2","2353","宏��","-19557346.00","544630.00","18131375.00","118558.00","-762783.00","31870146.00","31107363.00"
"115/09/02","115","2","2354","鴻準","2610356.00","2279152.00","-1185962.00","361349.00","4064895.00","15643766.00","19708661.00"
"115/09/02","115","2","2355","敬鵬","481905.00","120756.00","75329.00","71300.00","749290.00","2534998.00","3284288.00"
"115/09/02","115","2","2356","英業達","-25399083.00","-9319498.00","33759462.00","563232.00","-395887.00","54315410.00","53919523.00"
"115/09/02","115","2","2357","華碩","-77332235.00","1684269.00","69813157.00","1912570.00","-3922239.00","90078729.00","86156490.00"
"115/09/02","115","2","2359","所羅門","285057.00","-115418.00","-14325.00","23502.00","178816.00","2213779.00","2392595.00"
"115/09/02","115","2","2360","致茂","5353931.00","-2118936.00","-87057.00","23777.00","3171715.00","6222160.00","9393875.00"
"115/09/02","115","2","2362","藍天","-2800329.00","-716480.00","3585466.00","75733.00","144390.00","8434585.00","8578975.00"
"115/09/02","115","2","2363","矽統","466656.00","-148820.00","-554215.00","19752.00","-216627.00","2704738.00","2488111.00"
"115/09/02","115","2","2364","倫飛","116918.00","-16516.00","33700.00","-874.00","133228.00","501707.00","634935.00"
"115/09/02","115","2","2365","昆盈","37626.00","89008.00","-13028.00","20423.00","134029.00","1135920.00","1269949.00"
"115/09/02","115","2","2367","燿華","-408151.00","-2078112.00","2125886.00","82375.00","-278002.00","906024.00","628022.00"
"115/09/02","115","2","2368","金像電","9003395.00","-4090061.00","547374.00","577638.00","6038346.00","18114483.00","24152829.00"
"115/09/02","115","2","2369","菱生","-6683.00","-254200.00","-43637.00","5064.00","-299456.00","1546811.00","1247355.00"
"115/09/02","115","2","2371","大同","-1624661.00","-195583.00","-3435838.00","-62776.00","-5318858.00","24399966.00","19081108.00"
"115/09/02","115","2","2373","震旦行","292407.00","-54622.00","-684606.00","94126.00","-352695.00","2739060.00","2386365.00"
"115/09/02","115","2","2374","佳能","-18493.00","-328879.00","932524.00","71528.00","656680.00","1729929.00","2386609.00"
"115/09/02","115","2","2375","凱美","217304.00","700187.00","-717392.00","116112.00","316211.00","1593072.00","1909283.00"
"115/09/02","115","2","2376","技嘉","-79384238.00","-1794986.00","73248844.00","694791.00","-7235589.00","40321147.00","33085558.00"
"115/09/02","115","2","2377","微星","-136262.00","-10389851.00","-4647574.00","516037.00","-14657650.00","31086286.00","16428636.00"
"115/09/02","115","2","2379","瑞昱","10935109.00","-10416756.00","-6929200.00","-25277.00","-6436124.00","13065867.00","6629743.00"
"115/09/02","115","2","2380","虹光","-165892.00","-49312.00","-13796.00","44575.00","-184425.00","561806.00","377381.00"
"115/09/02","115","2","2382","廣達","45928980.00","-56268910.00","97559201.00","3467995.00","90687266.00","178309881.00","268997147.00"
"115/09/02","115","2","2383","台光電","5044825.00","-10851462.00","7632127.00","734456.00","2559946.00","20007816.00","22567762.00"
"115/09/02","115","2","2385","群光","536576.00","1374337.00","4844113.00","1626609.00","8381635.00","21359642.00","29741277.00"
"115/09/02","115","2","2387","精元","438250.00","-706921.00","62607.00","127847.00","-78217.00","4243529.00","4165312.00"
"115/09/02","115","2","2388","威盛","311956.00","-1306254.00","-20962.00","162607.00","-852653.00","13564159.00","12711506.00"
"115/09/02","115","2","2390","云辰","-56617.00","-19493.00","-9157.00","4055.00","-81212.00","388068.00","306856.00"
"115/09/02","115","2","2392","正崴","2856242.00","13100552.00","-7358243.00","-155293.00","8443258.00","19799074.00","28242332.00"
"115/09/02","115","2","2393","億光","-566782.00","1082675.00","315144.00","195060.00","1026097.00","3945108.00","4971205.00"
"115/09/02","115","2","2395","研華","2666312.00","-1662077.00","365444.00","62220.00","1431899.00","11317279.00","12749178.00"
"115/09/02","115","2","2397","友通","-580293.00","-238772.00","1060961.00","30934.00","272830.00","2403301.00","2676131.00"
"115/09/02","115","2","2399","映泰","-117584.00","135587.00","60000.00","274.00","78277.00","836475.00","914752.00"
"115/09/02","115","2","2401","凌陽","-356118.00","6519.00","126050.00","4079.00","-219470.00","4746631.00","4527161.00"
"115/09/02","115","2","2402","毅嘉","66714.00","-118957.00","247496.00","250305.00","445558.00","2711646.00","3157204.00"
"115/09/02","115","2","2404","漢唐","12163976.00","-964179.00","-71019.00","145139.00","11273917.00","29928325.00","41202242.00"
"115/09/02","115","2","2405","輔信","-278000.00","-126657.00","153400.00","113.00","-251144.00","869340.00","618196.00"
"115/09/02","115","2","2406","國碩","-666825.00","-342753.00","606499.00","4154.00","-398925.00","1570391.00","1171466.00"
"115/09/02","115","2","2408","南亞科","87407707.00","-7056596.00","77868275.00","1309084.00","159528470.00","58074065.00","217602535.00"
"115/09/02","115","2","2409","友達","6877414.00","-2059522.00","-8758567.00","2115789.00","-1824886.00","55616637.00","53791751.00"
"115/09/02","115","2","2412","中華電","31741601.00","-25359165.00","-1137242.00","32951.00","5278145.00","36944206.00","42222351.00"
"115/09/02","115","2","2413","環科","203580.00","-146032.00","-19878.00","-4350.00","33320.00","866213.00","899533.00"
"115/09/02","115","2","2414","精技","-5862698.00","-198728.00","6024133.00","288.00","-37005.00","625491.00","588486.00"
"115/09/02","115","2","2415","錩新","52626.00","-462359.00","749071.00","12239.00","351577.00","541755.00","893332.00"
"115/09/02","115","2","2417","圓剛","200639.00","-27088.00","-136142.00","-18753.00","18656.00","1953512.00","1972168.00"
"115/09/02","115","2","2419","仲琦","125891.00","1859.00","-24635.00","-31244.00","71871.00","3506737.00","3578608.00"
"115/09/02","115","2","2420","新巨","386428.00","-381834.00","-25987.00","15401.00","-5992.00","1011653.00","1005661.00"
"115/09/02","115","2","2421","建準","675589.00","-784559.00","1327213.00","64349.00","1282592.00","5256400.00","6538992.00"
"115/09/02","115","2","2423","固緯","347513.00","-5744.00","-45467.00","20719.00","317021.00","498606.00","815627.00"
"115/09/02","115","2","2424","隴華","-23796.00","-139.00","-56580.00","-95.00","-80610.00","137177.00","56567.00"
"115/09/02","115","2","2425","承啟","79069.00","43509.00","-5294.00","42011.00","159295.00","1390673.00","1549968.00"
"115/09/02","115","2","2426","鼎元","160568.00","28007.00","-108987.00","-7832.00","71756.00","428518.00","500274.00"
"115/09/02","115","2","2427","三商電","494317.00","14219.00","-133624.00","1176.00","376088.00","746364.00","1122452.00"
"115/09/02","115","2","2428","興勤","370328.00","-836621.00","62563.00","253911.00","-149819.00","3330510.00","3180691.00"
"115/09/02","115","2","2429","銘旺科","-118390.00","-243685.00","225627.00","--","-136448.00","271623.00","135175.00"
"115/09/02","115","2","2430","燦坤","831892.00","-45982.00","-604352.00","-778.00","180780.00","977587.00","1158367.00"
"115/09/02","115","2","2431","聯昌","-100781.00","50421.00","-2916.00","33202.00","-20074.00","416375.00","396301.00"
"115/09/02","115","2","2432","倚天酷��-創","-42706.00","-411722.00","-8487.00","4885.00","-458030.00","1114824.00","656794.00"
"115/09/02","115","2","2433","互盛電","652007.00","-480950.00","-211084.00","16685.00","-23342.00","562218.00","538876.00"
"115/09/02","115","2","2434","統懋","-18147.00","45056.00","-15530.00","-5688.00","5691.00","20887.00","26578.00"
"115/09/02","115","2","2436","偉詮電","250523.00","51765.00","-57171.00","4379.00","249496.00","1238628.00","1488124.00"
"115/09/02","115","2","2438","翔耀","-96580.00","-12558.00","141591.00","--","32453.00","59112.00","91565.00"
"115/09/02","115","2","2439","美律","151411.00","44898.00","-2889132.00","228277.00","-2464546.00","9797932.00","7333386.00"
"115/09/02","115","2","2440","太空梭","-114999.00","162271.00","101514.00","8438.00","157224.00","254932.00","412156.00"
"115/09/02","115","2","2441","超豐","2793077.00","-1636821.00","-6297.00","10372.00","1160331.00","5900845.00","7061176.00"
"115/09/02","115","2","2442","新美齊","3992349.00","148547.00","-2023658.00","-318.00","2116920.00","1117327.00","3234247.00"
"115/09/02","115","2","2444","兆勁","-126810.00","-87706.00","95632.00","--","-118884.00","495247.00","376363.00"
"115/09/02","115","2","2449","京元電子","6373084.00","-13745874.00","2731127.00","-517.00","-4642180.00","17963504.00","13321324.00"
"115/09/02","115","2","2450","神腦","54116.00","-15329.00","-245517.00","-96.00","-206826.00","1885814.00","1678988.00"
"115/09/02","115","2","2451","創見","16852695.00","-480451.00","-47632.00","8327.00","16332939.00","1822437.00","18155376.00"
"115/09/02","115","2","2453","凌群","-417190.00","-39511.00","179072.00","2989.00","-274640.00","602469.00","327829.00"
"115/09/02","115","2","2454","聯發科","6593980.00","-23680906.00","-31150056.00","1947560.00","-46289422.00","235290082.00","189000660.00"
"115/09/02","115","2","2455","全新","634003.00","-449933.00","516434.00","4372.00","704876.00","944997.00","1649873.00"
"115/09/02","115","2","2457","飛宏","-456347.00","-286527.00","12191.00","98507.00","-632176.00","3498516.00","2866340.00"
"115/09/02","115","2","2458","義隆","1396514.00","75987.00","-588681.00","1458.00","885278.00","2400069.00","3285347.00"
"115/09/02","115","2","2459","敦吉","344722.00","-88360.00","-348112.00","80862.00","-10888.00","1085033.00","1074145.00"
"115/09/02","115","2","2460","建通","-90444.00","-203609.00","136361.00","58059.00","-99633.00","506099.00","406466.00"
"115/09/02","115","2","2461","光群雷","516378.00","394654.00","-177950.00","4923.00","738005.00","1013920.00","1751925.00"
"115/09/02","115","2","2462","良得電","-231244.00","71267.00","371307.00","-766.00","210564.00","486173.00","696737.00"
"115/09/02","115","2","2464","盟立","-493507.00","-535457.00","342287.00","23306.00","-663371.00","2231782.00","1568411.00"
"115/09/02","115","2","2465","麗臺","98196.00","-41048.00","144122.00","17753.00","219023.00","459735.00","678758.00"
"115/09/02","115","2","2466","冠西電","-178694.00","93076.00","-27044.00","-22422.00","-135084.00","215539.00","80455.00"
"115/09/02","115","2","2467","志聖","1778152.00","-3281473.00","2217115.00","65908.00","779702.00","1863940.00","2643642.00"
"115/09/02","115","2","2468","華經","-60509.00","6942.00","85657.00","229.00","32319.00","281951.00","314270.00"
"115/09/02","115","2","2471","資通","181919.00","7258.00","-10197.00","--","178980.00","694238.00","873218.00"
"115/09/02","115","2","2472","立隆電","872192.00","-719581.00","-358257.00","293507.00","87861.00","4342448.00","4430309.00"
"115/09/02","115","2","2474","可成","-1102803.00","-24385716.00","-6237564.00","391181.00","-31334902.00","43747619.00","12412717.00"
"115/09/02","115","2","2476","鉅祥","1080032.00","-288143.00","-756056.00","111437.00","147270.00","3337561.00","3484831.00"
"115/09/02","115","2","2477","美隆電","256794.00","-283365.00","215015.00","85760.00","274204.00","2456382.00","2730586.00"
"115/09/02","115","2","2478","大毅","269631.00","-178162.00","-171768.00","114068.00","33769.00","1788429.00","1822198.00"
"115/09/02","115","2","2480","敦陽科","867116.00","-28953.00","-370386.00","13445.00","481222.00","1113186.00","1594408.00"
"115/09/02","115","2","2481","強茂","642015.00","-406394.00","105885.00","78375.00","419881.00","2128944.00","2548825.00"
"115/09/02","115","2","2482","連宇","2318.00","-25549.00","-4633.00","751.00","-27113.00","572239.00","545126.00"
"115/09/02","115","2","2483","百容","40708.00","-23729.00","55127.00","23097.00","95203.00","407554.00","502757.00"
"115/09/02","115","2","2484","希華","62063.00","759683.00","-71729.00","-4516.00","745501.00","631148.00","1376649.00"
"115/09/02","115","2","2485","兆赫","-324935.00","257847.00","-1088.00","47519.00","-20657.00","1225497.00","1204840.00"
"115/09/02","115","2","2486","一詮","-268251.00","-1513417.00","1719579.00","94548.00","32459.00","1170331.00","1202790.00"
"115/09/02","115","2","2488","漢平","-110945.00","-209721.00","19573.00","28338.00","-272755.00","1158189.00","885434.00"
"115/09/02","115","2","2489","瑞軒","-804358.00","281300.00","-19744.00","113451.00","-429351.00","4092114.00","3662763.00"
"115/09/02","115","2","2491","吉祥全","-68422.00","-659834.00","727096.00","339.00","-821.00","131060.00","130239.00"
"115/09/02","115","2","2492","華新科","2224753.00","1403636.00","-3327731.00","500849.00","801507.00","8160463.00","8961970.00"
"115/09/02","115","2","2493","揚博","136700.00","-163997.00","-6954.00","22489.00","-11762.00","997793.00","986031.00"
"115/09/02","115","2","2495","普安","-300047.00","-26871.00","290972.00","554.00","-35392.00","309951.00","274559.00"
"115/09/02","115","2","2496","卓越","129398.00","1309.00","-88424.00","82.00","42365.00","207789.00","250154.00"
"115/09/02","115","2","2497","怡利電","-79041.00","-1285691.00","1586472.00","-31729.00","190011.00","763933.00","953944.00"
"115/09/02","115","2","2498","宏達電","-1473348.00","-304280.00","1043253.00","20533.00","-713842.00","2909535.00","2195693.00"
"115/09/02","115","2","2501","國建","1978927.00","-578093.00","-2162544.00","--","-761710.00","6302998.00","5541288.00"
"115/09/02","115","2","2504","國產","1855352.00","-2357877.00","2219644.00","92288.00","1809407.00","3898544.00","5707951.00"
"115/09/02","115","2","2505","國揚","-532875.00","-56882.00","564570.00","--","-25187.00","2590277.00","2565090.00"
"115/09/02","115","2","2506","太設","258080.00","-59788.00","-274887.00","3936.00","-72659.00","634606.00","561947.00"
"115/09/02","115","2","2509","全坤建","-544982.00","-53594.00","689367.00","2295.00","93086.00","679649.00","772735.00"
"115/09/02","115","2","2511","太子","194564.00","-121609.00","-406788.00","--","-333833.00","7680966.00","7347133.00"
"115/09/02","115","2","2514","龍邦","146377.00","243907.00","166755.00","31496.00","588535.00","2634766.00","3223301.00"
"115/09/02","115","2","2515","中工","-385782.00","1343039.00","-1942301.00","76906.00","-908138.00","2186083.00","1277945.00"
"115/09/02","115","2","2516","新建","-445892.00","5274.00","-3427.00","5864.00","-438181.00","2277456.00","1839275.00"
"115/09/02","115","2","2520","冠德","3340643.00","19380.00","-1321839.00","10.00","2038194.00","16829692.00","18867886.00"
"115/09/02","115","2","2524","京城","-1462536.00","354365.00","545286.00","--","-562885.00","1170796.00","607911.00"
"115/09/02","115","2","2527","宏璟","2916327.00","-4182.00","-3141813.00","6441.00","-223227.00","1372459.00","1149232.00"
"115/09/02","115","2","2528","皇普","-171935.00","134513.00","-667645.00","--","-705067.00","1190448.00","485381.00"
"115/09/02","115","2","2530","華建","-1357050.00","-26357.00","652216.00","--","-731191.00","3206058.00","2474867.00"
"115/09/02","115","2","2534","宏盛","-483047.00","-15855.00","582269.00","791.00","84158.00","1084051.00","1168209.00"
"115/09/02","115","2","2535","達欣工","1374349.00","9822.00","-2355093.00","-641.00","-971563.00","7094256.00","6122693.00"
"115/09/02","115","2","2536","宏普","2984473.00","5904.00","-775371.00","--","2215006.00","2645411.00","4860417.00"
"115/09/02","115","2","2537","聯上發","224365.00","19665.00","213608.00","--","457638.00","292706.00","750344.00"
"115/09/02","115","2","2538","基泰","-268297.00","1047.00","-164012.00","--","-431262.00","1217475.00","786213.00"
"115/09/02","115","2","2539","櫻花建","2140940.00","-25476.00","-1611057.00","--","504407.00","5585934.00","6090341.00"
"115/09/02","115","2","2540","愛山林","-2853879.00","-556491.00","1757904.00","--","-1652466.00","4848658.00","3196192.00"
"115/09/02","115","2","2542","興富發","16701096.00","-1493846.00","-5541621.00","1054.00","9666683.00","13426722.00","23093405.00"
"115/09/02","115","2","2543","皇昌","-677642.00","-2430449.00","2203352.00","--","-904739.00","1328954.00","424215.00"
"115/09/02","115","2","2545","皇翔","-3175269.00","-7791.00","2752117.00","--","-430943.00","963516.00","532573.00"
"115/09/02","115","2","2546","根基","1111445.00","-5218.00","-129733.00","--","976494.00","6189757.00","7166251.00"
"115/09/02","115","2","2547","日勝生","498002.00","-196522.00","-746205.00","0.00","-444725.00","3368441.00","2923716.00"
"115/09/02","115","2","2548","華固","-3393089.00","224536.00","541258.00","5756.00","-2621539.00","7668970.00","5047431.00"
"115/09/02","115","2","2597","潤弘","-445883.00","-306167.00","737802.00","--","-14248.00","1609235.00","1594987.00"
"115/09/02","115","2","2601","益航","457025.00","-165828.00","-366986.00","7187.00","-68602.00","252272.00","183670.00"
"115/09/02","115","2","2603","長榮","38779033.00","-64212110.00","23163400.00","2114510.00","-155167.00","174901908.00","174746741.00"
"115/09/02","115","2","2605","新興","1662042.00","3032851.00","1591848.00","49739.00","6336480.00","4065964.00","10402444.00"
"115/09/02","115","2","2606","裕民","3609488.00","-867439.00","-198314.00","247291.00","2791026.00","17164684.00","19955710.00"
"115/09/02","115","2","2607","榮運","1254825.00","-3852516.00","2443670.00","12219.00","-141802.00","4908078.00","4766276.00"
"115/09/02","115","2","2608","嘉里大榮","1158604.00","-308118.00","-325617.00","--","524869.00","1834610.00","2359479.00"
"115/09/02","115","2","2609","陽明","23402620.00","2276144.00","-6327594.00","1198096.00","20549266.00","106533812.00","127083078.00"
"115/09/02","115","2","2610","華航","22204454.00","-42548526.00","13138662.00","148563.00","-7056847.00","57551666.00","50494819.00"
"115/09/02","115","2","2611","志信","234267.00","396278.00","-355465.00","--","275080.00","450345.00","725425.00"
"115/09/02","115","2","2612","中航","814473.00","-1860048.00","847881.00","23340.00","-174354.00","3172162.00","2997808.00"
"115/09/02","115","2","2613","中櫃","392547.00","-344905.00","-34692.00","--","12950.00","720576.00","733526.00"
"115/09/02","115","2","2614","東森","1027314.00","-3570173.00","2089096.00","414.00","-453349.00","3205042.00","2751693.00"
"115/09/02","115","2","2615","萬海","21530075.00","-24532448.00","-6502333.00","823476.00","-8681230.00","109494384.00","100813154.00"
"115/09/02","115","2","2616","山隆","-161318.00","-366959.00","-291265.00","2993.00","-816549.00","1655633.00","839084.00"
"115/09/02","115","2","2617","台航","1238039.00","-2437702.00","326269.00","9213.00","-864181.00","1347324.00","483143.00"
"115/09/02","115","2","2618","長榮航","36653932.00","-11100561.00","-10757392.00","1340.00","14797319.00","83608362.00","98405681.00"
"115/09/02","115","2","2630","亞航","-209756.00","-57978.00","219611.00","217.00","-47906.00","226727.00","178821.00"
"115/09/02","115","2","2633","台灣高鐵","13556825.00","1933758.00","-1419297.00","7248.00","14078534.00","4799873.00","18878407.00"
"115/09/02","115","2","2634","漢翔","7279566.00","3437.00","-6745494.00","17644.00","555153.00","2433153.00","2988306.00"
"115/09/02","115","2","2636","台驊控股","-383674.00","-1350609.00","216644.00","225436.00","-1292203.00","8854562.00","7562359.00"
"115/09/02","115","2","2637","慧洋-KY","5357147.00","-4727876.00","-1221026.00","75340.00","-516415.00","4760165.00","4243750.00"
"115/09/02","115","2","2642","宅配通","81575.00","68172.00","-203856.00","158.00","-53951.00","696968.00","643017.00"
"115/09/02","115","2","2645","長榮航太","1128018.00","-241468.00","-246150.00","--","640400.00","5315021.00","5955421.00"
"115/09/02","115","2","2646","星宇航空","7676096.00","-13858259.00","4373418.00","-424.00","-1809169.00","15339816.00","13530647.00"
"115/09/02","115","2","2701","萬企","80567.00","-32666.00","-6805.00","--","41096.00","245008.00","286104.00"
"115/09/02","115","2","2702","華園","162361.00","88035.00","-27290.00","10816.00","233922.00","1265751.00","1499673.00"
"115/09/02","115","2","2704","國賓","84798.00","456176.00","-24547.00","--","516427.00","3355119.00","3871546.00"
"115/09/02","115","2","2705","六福","188144.00","-355947.00","313081.00","444.00","145722.00","414837.00","560559.00"
"115/09/02","115","2","2706","第一店","99633.00","-120739.00","-1850.00","--","-22956.00","257319.00","234363.00"
"115/09/02","115","2","2707","晶華","1658355.00","651179.00","-1562867.00","-149.00","746518.00","125235.00","871753.00"
"115/09/02","115","2","2712","遠雄來","49230.00","-7806.00","-52118.00","--","-10694.00","44393.00","33699.00"
"115/09/02","115","2","2722","夏都","25286.00","-54158.00","64531.00","--","35659.00","174131.00","209790.00"
"115/09/02","115","2","2723","美食-KY","1027242.00","-1363206.00","-689427.00","-29309.00","-1054700.00","3221232.00","2166532.00"
"115/09/02","115","2","2727","王品","1737442.00","-1063992.00","-803028.00","58258.00","-71320.00","3225808.00","3154488.00"
"115/09/02","115","2","2731","雄獅","723171.00","-1178673.00","-121240.00","3081.00","-573661.00","6545458.00","5971797.00"
"115/09/02","115","2","2739","寒舍","780570.00","-64598.00","-539715.00","--","176257.00","699055.00","875312.00"
"115/09/02","115","2","2748","雲品","47200.00","-28136.00","-69607.00","-2114.00","-52657.00","1273059.00","1220402.00"
"115/09/02","115","2","2753","八方雲集","818886.00","-319980.00","-416399.00","7844.00","90351.00","1518020.00","1608371.00"
"115/09/02","115","2","2762","世界健身-KY","1718573.00","-399298.00","-1570940.00","-843.00","-252508.00","1006860.00","754352.00"
"115/09/02","115","2","2901","欣欣","27374.00","1484.00","-2139.00","--","26719.00","483051.00","509770.00"
"115/09/02","115","2","2903","遠百","-660722.00","1094237.00","-2610381.00","58225.00","-2118641.00","14962987.00","12844346.00"
"115/09/02","115","2","2904","匯僑","105589.00","-23463.00","-69209.00","366.00","13283.00","152085.00","165368.00"
"115/09/02","115","2","2906","高林","266157.00","-139696.00","-104070.00","1191.00","23582.00","960450.00","984032.00"
"115/09/02","115","2","2908","特力","1105096.00","527.00","-579481.00","8087.00","534229.00","1881960.00","2416189.00"
"115/09/02","115","2","2910","統領","254055.00","-417596.00","231731.00","--","68190.00","130647.00","198837.00"
"115/09/02","115","2","2911","麗嬰房","-117716.00","-66801.00","-66786.00","31739.00","-219564.00","823697.00","604133.00"
"115/09/02","115","2","2912","統一超","19841054.00","-8997181.00","-9141908.00","258713.00","1960678.00","50182134.00","52142812.00"
"115/09/02","115","2","2913","農林","1388.00","4819.00","-3729.00","--","2478.00","65051.00","67529.00"
"115/09/02","115","2","2915","潤泰全","-152366.00","124288.00","-464206.00","52186.00","-440098.00","4587670.00","4147572.00"
"115/09/02","115","2","2923","鼎固-KY","-1156997.00","-2732092.00","853290.00","284210.00","-2751589.00","7874380.00","5122791.00"
"115/09/02","115","2","2929","淘帝-KY","-258924.00","6862.00","-315.00","55116.00","-197261.00","997139.00","799878.00"
"115/09/02","115","2","2939","永邑-KY","-6789.00","-126654.00","-4762.00","2391.00","-135814.00","477196.00","341382.00"
"115/09/02","115","2","2945","三商家購","469337.00","135488.00","-492847.00","--","111978.00","330587.00","442565.00"
"115/09/02","115","2","3002","歐格","-81953.00","67112.00","5295.00","17350.00","7804.00","656939.00","664743.00"
"115/09/02","115","2","3003","健和興","-426311.00","125916.00","18438.00","10042.00","-271915.00","2396218.00","2124303.00"
"115/09/02","115","2","3004","豐達科","-113787.00","-569358.00","654558.00","34020.00","5433.00","225228.00","230661.00"
"115/09/02","115","2","3005","神基","1722756.00","-2232013.00","-3327048.00","450528.00","-3385777.00","13820400.00","10434623.00"
"115/09/02","115","2","3006","晶豪科","10585892.00","-316325.00","-272399.00","3140.00","10000308.00","4526863.00","14527171.00"
"115/09/02","115","2","3008","大立光","18285271.00","-4810874.00","-11684425.00","750462.00","2540434.00","115941697.00","118482131.00"
"115/09/02","115","2","3010","華立","1017418.00","-556937.00","-1015422.00","403021.00","-151920.00","7333323.00","7181403.00"
"115/09/02","115","2","3011","今皓","-163574.00","34145.00","64172.00","24379.00","-40878.00","239714.00","198836.00"
"115/09/02","115","2","3013","晟銘電","328820.00","-375322.00","49157.00","34103.00","36758.00","1047670.00","1084428.00"
"115/09/02","115","2","3014","聯陽","-305564.00","-74030.00","-3973.00","-164.00","-383731.00","2883331.00","2499600.00"
"115/09/02","115","2","3015","全漢","-258559.00","-245454.00","-95669.00","57056.00","-542626.00","3452598.00","2909972.00"
"115/09/02","115","2","3016","嘉晶","456484.00","-181035.00","166130.00","-178.00","441401.00","2285955.00","2727356.00"
"115/09/02","115","2","3017","奇鋐","26290591.00","-11639244.00","2958385.00","1574992.00","19184724.00","58529798.00","77714522.00"
"115/09/02","115","2","3018","隆銘綠能","-80458.00","2629.00","-10499.00","-437.00","-88765.00","122331.00","33566.00"
"115/09/02","115","2","3019","亞光","842808.00","-614831.00","-23590.00","430225.00","634612.00","12151793.00","12786405.00"
"115/09/02","115","2","3021","鴻名","23713.00","-36954.00","537.00","20557.00","7853.00","1006189.00","1014042.00"
"115/09/02","115","2","3022","威強電","-898635.00","886342.00","111344.00","68724.00","167775.00","2487337.00","2655112.00"
"115/09/02","115","2","3023","信邦","-57653.00","-367590.00","106315.00","432408.00","113480.00","6688786.00","6802266.00"
"115/09/02","115","2","3024","憶聲","-207749.00","-61359.00","140759.00","8624.00","-119725.00","809256.00","689531.00"
"115/09/02","115","2","3025","星通","70595.00","16959.00","-101139.00","-574.00","-14159.00","301161.00","287002.00"
"115/09/02","115","2","3026","禾伸堂","829302.00","-461248.00","-487560.00","25855.00","-93651.00","4619044.00","4525393.00"
"115/09/02","115","2","3027","盛達","6462.00","-72197.00","21752.00","8380.00","-35603.00","540932.00","505329.00"
"115/09/02","115","2","3028","增你強","-6597719.00","5853.00","8739938.00","155400.00","2303472.00","2513681.00","4817153.00"
"115/09/02","115","2","3029","零壹","-263012.00","129572.00","123871.00","26757.00","17188.00","3091546.00","3108734.00"
"115/09/02","115","2","3030","德律","1001121.00","-63048.00","-15371.00","26248.00","948950.00","1292581.00","2241531.00"
"115/09/02","115","2","3031","佰鴻","-39625.00","-31312.00","-69635.00","39489.00","-101083.00","891965.00","790882.00"
"115/09/02","115","2","3032","偉訓","105716.00","301189.00","-941589.00","30615.00","-504069.00","2638405.00","2134336.00"
"115/09/02","115","2","3033","威健","-2561637.00","-20001.00","3196682.00","147066.00","762110.00","2949810.00","3711920.00"
"115/09/02","115","2","3034","聯詠","11826235.00","-236366.00","-43569.00","24634.00","11570934.00","42418895.00","53989829.00"
"115/09/02","115","2","3035","智原","2157112.00","-397434.00","375761.00","71279.00","2206718.00","7280842.00","9487560.00"
"115/09/02","115","2","3036","文曄","20730778.00","-589973.00","-12070695.00","940055.00","9010165.00","28138755.00","37148920.00"
"115/09/02","115","2","3037","欣興","13323412.00","-5180001.00","29724815.00","1232527.00","39100753.00","54871781.00","93972534.00"
"115/09/02","115","2","3038","全台","1628.00","-238309.00","-249113.00","-13030.00","-498824.00","1193766.00","694942.00"
"115/09/02","115","2","3040","遠見","9856.00","195739.00","-164360.00","234.00","41469.00","955817.00","997286.00"
"115/09/02","115","2","3041","揚智","-269522.00","-141219.00","401035.00","30713.00","21007.00","599532.00","620539.00"
"115/09/02","115","2","3042","晶技","1167295.00","-432732.00","-64875.00","134931.00","804619.00","3877499.00","4682118.00"
"115/09/02","115","2","3043","科風","46532.00","-100919.00","64520.00","372.00","10505.00","202426.00","212931.00"
"115/09/02","115","2","3044","健鼎","3594267.00","-13272313.00","-3701245.00","682971.00","-12696320.00","26659071.00","13962751.00"
"115/09/02","115","2","3045","台灣大","21190446.00","-7345059.00","-10289205.00","1703.00","3557885.00","8565239.00","12123124.00"
"115/09/02","115","2","3046","建��","2739.00","33629.00","8518.00","9987.00","54873.00","1807419.00","1862292.00"
"115/09/02","115","2","3047","訊舟","-70556.00","-28657.00","77683.00","-3361.00","-24891.00","1561317.00","1536426.00"
"115/09/02","115","2","3048","益登","648733.00","447286.00","-1061282.00","-2086.00","32651.00","2313389.00","2346040.00"
"115/09/02","115","2","3049","精金","153201.00","2282211.00","-2315151.00","140.00","120401.00","2165512.00","2285913.00"
"115/09/02","115","2","3050","鈺德","84810.00","90256.00","-61188.00","23367.00","137245.00","1470749.00","1607994.00"
"115/09/02","115","2","3051","力特","32794.00","-3739.00","-61012.00","-2633.00","-34590.00","159062.00","124472.00"
"115/09/02","115","2","3052","夆典","305817.00","4682.00","-403828.00","--","-93329.00","709549.00","616220.00"
"115/09/02","115","2","3054","立萬利","175292.00","-10407.00","-265.00","-1295.00","163325.00","146370.00","309695.00"
"115/09/02","115","2","3055","蔚華科","-130289.00","80237.00","-15484.00","9348.00","-56188.00","829151.00","772963.00"
"115/09/02","115","2","3056","富華新","-137906.00","-230173.00","-348578.00","--","-716657.00","3839994.00","3123337.00"
"115/09/02","115","2","3057","喬鼎","-93275.00","-1857.00","61309.00","3156.00","-30667.00","325227.00","294560.00"
"115/09/02","115","2","3058","立德","-289930.00","125667.00","-19331.00","1923.00","-181671.00","450478.00","268807.00"
"115/09/02","115","2","3059","華晶科","3483.00","256045.00","-278664.00","93766.00","74630.00","4745485.00","4820115.00"
"115/09/02","115","2","3060","銘異","-41583.00","-64724.00","-26735.00","21765.00","-111277.00","657254.00","545977.00"
"115/09/02","115","2","3062","建漢","-227345.00","148548.00","-46791.00","13980.00","-111608.00","897033.00","785425.00"
"115/09/02","115","2","3090","日電貿","-543360.00","-123331.00","527424.00","6017.00","-133250.00","1568455.00","1435205.00"
"115/09/02","115","2","3092","鴻碩","-145728.00","-66444.00","32935.00","10065.00","-169172.00","671314.00","502142.00"
"115/09/02","115","2","3094","聯傑","22347.00","-543.00","-838.00","1525.00","22491.00","679643.00","702134.00"
"115/09/02","115","2","3130","一零四","371732.00","-363627.00","-21297.00","2122.00","-11070.00","511481.00","500411.00"
"115/09/02","115","2","3135","凌航","-2111529.00","-184854.00","2478111.00","258.00","181986.00","60849.00","242835.00"
"115/09/02","115","2","3138","耀登","125581.00","-448999.00","75793.00","18403.00","-229222.00","1301246.00","1072024.00"
"115/09/02","115","2","3149","正達","-296006.00","420482.00","324039.00","2470.00","450985.00","753797.00","1204782.00"
"115/09/02","115","2","3150","鈺寶-創","-22221.00","-11675.00","-3689.00","--","-37585.00","100225.00","62640.00"
"115/09/02","115","2","3164","景岳","41887.00","11398.00","-54751.00","434.00","-1032.00","103732.00","102700.00"
"115/09/02","115","2","3167","大量","808320.00","-131604.00","-11286.00","106513.00","771943.00","668345.00","1440288.00"
"115/09/02","115","2","3168","眾福科","-27964.00","-21005.00","-7194.00","12752.00","-43411.00","1024524.00","981113.00"
"115/09/02","115","2","3189","景碩","3943497.00","-5680407.00","465380.00","45800.00","-1225730.00","12281237.00","11055507.00"
"115/09/02","115","2","3209","全科","-1760227.00","23408.00","225895.00","67348.00","-1443576.00","2831935.00","1388359.00"
"115/09/02","115","2","3229","晟鈦","1851.00","-31104.00","16476.00","0.00","-12777.00","117403.00","104626.00"
"115/09/02","115","2","3231","緯創","-251356473.00","-32339002.00","262321270.00","64231.00","-21309974.00","144473847.00","123163873.00"
"115/09/02","115","2","3257","虹冠電","90478.00","69721.00","-145912.00","4285.00","18572.00","153770.00","172342.00"
"115/09/02","115","2","3266","昇陽","-714583.00","-3077.00","1060131.00","--","342471.00","933129.00","1275600.00"
"115/09/02","115","2","3296","勝德","-48453.00","-53917.00","-40230.00","38713.00","-103887.00","728642.00","624755.00"
"115/09/02","115","2","3305","昇貿","-1204516.00","-317069.00","1569051.00","18825.00","66291.00","2027541.00","2093832.00"
"115/09/02","115","2","3308","聯德","-1393.00","-19698.00","-42471.00","11283.00","-52279.00","501031.00","448752.00"
"115/09/02","115","2","3311","閎暉","-80862.00","-89749.00","78700.00","10326.00","-81585.00","698646.00","617061.00"
"115/09/02","115","2","3312","弘憶股","-75669.00","-560653.00","531392.00","26670.00","-78260.00","2593094.00","2514834.00"
"115/09/02","115","2","3321","同泰","8313.00","-43026.00","-82768.00","29963.00","-87518.00","214860.00","127342.00"
"115/09/02","115","2","3338","泰碩","-75239.00","-24945.00","-17432.00","32321.00","-85295.00","735273.00","649978.00"
"115/09/02","115","2","3346","麗清","-140763.00","788944.00","316246.00","129022.00","1093449.00","1628187.00","2721636.00"
"115/09/02","115","2","3356","奇偶","21190.00","174790.00","-78734.00","3681.00","120927.00","601632.00","722559.00"
"115/09/02","115","2","3376","新日興","72537.00","-418723.00","548683.00","101841.00","304338.00","1500320.00","1804658.00"
"115/09/02","115","2","3380","明泰","-869662.00","53241.00","1182526.00","37095.00","403200.00","4917583.00","5320783.00"
"115/09/02","115","2","3406","玉晶光","2916924.00","-355482.00","-487527.00","325329.00","2399244.00","10794553.00","13193797.00"
"115/09/02","115","2","3413","京鼎","-98720.00","-602478.00","629537.00","-39339.00","-111000.00","6625513.00","6514513.00"
"115/09/02","115","2","3416","融程電","13505.00","47211.00","-9596.00","-2105.00","49015.00","661775.00","710790.00"
"115/09/02","115","2","3419","譁裕","-110168.00","-13885.00","65463.00","20383.00","-38207.00","224534.00","186327.00"
"115/09/02","115","2","3432","台端","-69965.00","606.00","92911.00","3721.00","27273.00","152002.00","179275.00"
"115/09/02","115","2","3437","榮創","-150664.00","-40334.00","-1642.00","5860.00","-186780.00","1078038.00","891258.00"
"115/09/02","115","2","3443","創意","5223546.00","858965.00","-2730160.00","32099.00","3384450.00","6649696.00","10034146.00"
"115/09/02","115","2","3447","展達","298887.00","5644.00","-82490.00","18674.00","240715.00","701848.00","942563.00"
"115/09/02","115","2","3450","聯鈞","1021541.00","-1054450.00","320676.00","65849.00","353616.00","2733695.00","3087311.00"
"115/09/02","115","2","3481","群創","14334953.00","6809846.00","8666595.00","1769383.00","31580777.00","52827139.00","84407916.00"
"115/09/02","115","2","3494","誠研","-71154.00","-18650.00","60185.00","280.00","-29339.00","76040.00","46701.00"
"115/09/02","115","2","3501","維熹","-288110.00","-170418.00","-144140.00","184321.00","-418347.00","1786784.00","1368437.00"
"115/09/02","115","2","3504","揚明光","126954.00","-108261.00","-26798.00","35734.00","27629.00","1229209.00","1256838.00"
"115/09/02","115","2","3515","華擎","-3717285.00","-825138.00","1394818.00","61177.00","-3086428.00","6104360.00","3017932.00"
"115/09/02","115","2","3518","柏騰","49191.00","217530.00","-149518.00","27118.00","144321.00","443330.00","587651.00"
"115/09/02","115","2","3528","安馳","-1941931.00","-1385.00","2090685.00","--","147369.00","801462.00","948831.00"
"115/09/02","115","2","3530","晶相光","-59692.00","-14633.00","-3680.00","-2741.00","-80746.00","1186529.00","1105783.00"
"115/09/02","115","2","3532","台勝科","968188.00","-715824.00","-13316.00","3308.00","242356.00","1735296.00","1977652.00"
"115/09/02","115","2","3533","嘉澤","4593369.00","-3964470.00","304170.00","549898.00","1482967.00","12499891.00","13982858.00"
"115/09/02","115","2","3535","晶彩科","64090.00","-55124.00","-7557.00","1910.00","3319.00","151561.00","154880.00"
"115/09/02","115","2","3543","州巧","-263359.00","-707546.00","1059226.00","36084.00","124405.00","967332.00","1091737.00"
"115/09/02","115","2","3545","敦泰","362809.00","113675.00","-597330.00","53386.00","-67460.00","4185682.00","4118222.00"
"115/09/02","115","2","3550","聯穎","-232109.00","-5787.00","83025.00","129396.00","-25475.00","884803.00","859328.00"
"115/09/02","115","2","3557","嘉威","396940.00","-212742.00","-212930.00","26299.00","-2433.00","284134.00","281701.00"
"115/09/02","115","2","3563","牧德","453464.00","-96784.00","-1551.00","12951.00","368080.00","1051357.00","1419437.00"
"115/09/02","115","2","3576","聯合再生","-167309.00","2966543.00","-2238229.00","35213.00","596218.00","5120657.00","5716875.00"
"115/09/02","115","2","3583","辛耘","1213434.00","-269325.00","-262212.00","58881.00","740778.00","6687823.00","7428601.00"
"115/09/02","115","2","3588","通嘉","32180.00","-24976.00","-6246.00","18632.00","19590.00","522303.00","541893.00"
"115/09/02","115","2","3591","艾笛森","-23531.00","-400215.00","375507.00","29175.00","-19064.00","1018734.00","999670.00"
"115/09/02","115","2","3592","瑞鼎","136695.00","-379560.00","46076.00","6248.00","-190541.00","3096560.00","2906019.00"
"115/09/02","115","2","3593","力銘","-43360.00","-119584.00","-82053.00","2445.00","-242552.00","333678.00","91126.00"
"115/09/02","115","2","3596","智易","-3287238.00","5665581.00","-95725.00","-20596.00","2262022.00","4692290.00","6954312.00"
"115/09/02","115","2","3605","宏致","555623.00","-449501.00","-76445.00","151005.00","180682.00","2483422.00","2664104.00"
"115/09/02","115","2","3607","谷崧","-21036.00","-6837.00","-27607.00","37942.00","-17538.00","547486.00","529948.00"
"115/09/02","115","2","3617","碩天","909732.00","-437817.00","-78897.00","31852.00","424870.00","4344734.00","4769604.00"
"115/09/02","115","2","3622","洋華","8807.00","-42840.00","-9078.00","4073.00","-39038.00","602275.00","563237.00"
"115/09/02","115","2","3645","達邁","396503.00","-313011.00","-47421.00","3496.00","39567.00","575168.00","614735.00"
"115/09/02","115","2","3652","精聯","-50788.00","91080.00","-16818.00","288.00","23762.00","469354.00","493116.00"
"115/09/02","115","2","3653","健策","2774875.00","-412677.00","-47153.00","-58766.00","2256279.00","9134067.00","11390346.00"
"115/09/02","115","2","3661","世芯-KY","-3863029.00","-8302424.00","18514663.00","428712.00","6777922.00","32627305.00","39405227.00"
"115/09/02","115","2","3665","貿聯-KY","1831961.00","-2904183.00","-746653.00","330550.00","-1488325.00","14395187.00","12906862.00"
"115/09/02","115","2","3669","圓展","130497.00","-143533.00","-11720.00","-21965.00","-46721.00","1306885.00","1260164.00"
"115/09/02","115","2","3673","TPK-KY","73273.00","2453427.00","-1844691.00","716743.00","1398752.00","32014730.00","33413482.00"
"115/09/02","115","2","3679","新至陞","321475.00","-307874.00","-103972.00","160444.00","70073.00","4262228.00","4332301.00"
"115/09/02","115","2","3686","達能","-7794.00","39298.00","-1306.00","--","30198.00","48973.00","79171.00"
"115/09/02","115","2","3694","海華","3367.00","-366552.00","69922.00","36476.00","-256787.00","2494831.00","2238044.00"
"115/09/02","115","2","3701","大眾控","-70640.00","-689624.00","-198859.00","181068.00","-778055.00","3262919.00","2484864.00"
"115/09/02","115","2","3702","大聯大","-98898501.00","4429803.00","99487713.00","1378264.00","6397279.00","22355771.00","28753050.00"
"115/09/02","115","2","3703","欣陸","2486374.00","-1538237.00","-1394563.00","5705.00","-440721.00","11574752.00","11134031.00"
"115/09/02","115","2","3704","合勤控","-2203648.00","43572.00","1696393.00","64536.00","-399147.00","3178855.00","2779708.00"
"115/09/02","115","2","3705","永信","541969.00","-178188.00","122107.00","-5442.00","480446.00","1200865.00","1681311.00"
"115/09/02","115","2","3706","神達","-27508282.00","1638914.00","25573927.00","146312.00","-149129.00","18794091.00","18644962.00"
"115/09/02","115","2","3708","上緯投控","-213152.00","355061.00","-1576757.00","62440.00","-1372408.00","5831582.00","4459174.00"
"115/09/02","115","2","3711","日月光投控","83401251.00","-128833485.00","39992307.00","4263397.00","-1176530.00","92468851.00","91292321.00"
"115/09/02","115","2","3712","永崴投控","1820466.00","2599259.00","-8057424.00","40343.00","-3597356.00","7746562.00","4149206.00"
"115/09/02","115","2","3714","富采","157485.00","-467331.00","-157383.00","662843.00","195614.00","13385129.00","13580743.00"
"115/09/02","115","2","3715","定穎投控","-1772878.00","-5408278.00","8302420.00","515682.00","1636946.00","5526274.00","7163220.00"
"115/09/02","115","2","3716","中化控股","615981.00","-265541.00","-461990.00","41809.00","-69741.00","729497.00","659756.00"
"115/09/02","115","2","3717","聯嘉投控","526367.00","-351134.00","252347.00","40976.00","468556.00","694997.00","1163553.00"
"115/09/02","115","2","4104","佳醫","545610.00","690920.00","-721825.00","-26099.00","488606.00","2847128.00","3335734.00"
"115/09/02","115","2","4106","雃博","153767.00","15227.00","-40936.00","-9570.00","118488.00","784615.00","903103.00"
"115/09/02","115","2","4108","懷特","-20395.00","23233.00","-5385.00","--","-2547.00","86795.00","84248.00"
"115/09/02","115","2","4119","旭富","193642.00","-244471.00","73257.00","--","22428.00","60625.00","83053.00"
"115/09/02","115","2","4133","亞諾法","35585.00","-5377.00","-2777.00","17.00","27448.00","377832.00","405280.00"
"115/09/02","115","2","4137","麗豐-KY","184717.00","-677697.00","-95281.00","128877.00","-459384.00","3750352.00","3290968.00"
"115/09/02","115","2","4142","國光生","-503212.00","-70033.00","177098.00","-829.00","-396976.00","2186487.00","1789511.00"
"115/09/02","115","2","4148","全宇生技-KY","-243406.00","-79666.00","231142.00","5322.00","-86608.00","1023128.00","936520.00"
"115/09/02","115","2","4155","訊映","191598.00","-90799.00","-46534.00","1398.00","55663.00","314473.00","370136.00"
"115/09/02","115","2","4164","承業醫","-308154.00","-323090.00","207262.00","4912.00","-419070.00","1786493.00","1367423.00"
"115/09/02","115","2","4169","泰宗","-49189.00","-241820.00","942731.00","-62.00","651660.00","245070.00","896730.00"
"115/09/02","115","2","4178","永笙-KY","-20621.00","25136.00","417808.00","35803.00","458126.00","1680173.00","2138299.00"
"115/09/02","115","2","4190","佐登-KY","193429.00","26615.00","371152.00","21075.00","612271.00","529442.00","1141713.00"
"115/09/02","115","2","4195","基米-創","-56453.00","-26377.00","99594.00","407.00","17171.00","138297.00","155468.00"
"115/09/02","115","2","4306","炎洲","-151313.00","-570979.00","575794.00","116526.00","-29972.00","2829813.00","2799841.00"
"115/09/02","115","2","4414","如興","246859.00","-273859.00","196646.00","-93660.00","75986.00","297943.00","373929.00"
"115/09/02","115","2","4426","利勤","-35271.00","-37960.00","-5413.00","-8515.00","-87159.00","295147.00","207988.00"
"115/09/02","115","2","4438","廣越","-3250889.00","468395.00","2457101.00","87383.00","-238010.00","2222982.00","1984972.00"
"115/09/02","115","2","4439","冠星-KY","-49329.00","-254707.00","157331.00","35131.00","-111574.00","517568.00","405994.00"
"115/09/02","115","2","4440","宜新實業","288414.00","-5346.00","-310361.00","--","-27293.00","79718.00","52425.00"
"115/09/02","115","2","4441","振大環球","375749.00","-1910733.00","392002.00","8665.00","-1134317.00","1987619.00","853302.00"
"115/09/02","115","2","4526","東台","-538024.00","-109744.00","524949.00","57255.00","-65564.00","1223728.00","1158164.00"
"115/09/02","115","2","4532","瑞智","2242617.00","-2175343.00","-558326.00","156099.00","-334953.00","4201413.00","3866460.00"
"115/09/02","115","2","4536","拓凱","753491.00","-172467.00","114118.00","47218.00","742360.00","5482444.00","6224804.00"
"115/09/02","115","2","4540","全球傳動","-508691.00","-134577.00","236329.00","7315.00","-399624.00","677168.00","277544.00"
"115/09/02","115","2","4545","銘鈺","-74813.00","-57279.00","67136.00","13744.00","-51212.00","648799.00","597587.00"
"115/09/02","115","2","4551","智伸科","742662.00","224320.00","-277128.00","154794.00","844648.00","4963021.00","5807669.00"
"115/09/02","115","2","4552","力達-KY","-166773.00","-202455.00","139303.00","199302.00","-30623.00","2545766.00","2515143.00"
"115/09/02","115","2","4555","氣立","95463.00","-102662.00","-90835.00","9256.00","-88778.00","690643.00","601865.00"
"115/09/02","115","2","4557","永新-KY","33668.00","-755576.00","90548.00","124751.00","-506609.00","1598201.00","1091592.00"
"115/09/02","115","2","4560","強信-KY","106346.00","-143983.00","3104.00","27024.00","-7509.00","701898.00","694389.00"
"115/09/02","115","2","4562","穎漢","-28603.00","-73866.00","151337.00","6438.00","55306.00","169142.00","224448.00"
"115/09/02","115","2","4564","元翎","98838.00","-3904.00","-4681.00","1453.00","91706.00","739833.00","831539.00"
"115/09/02","115","2","4566","時碩工業","274905.00","-618570.00","197505.00","57956.00","-88204.00","2089586.00","2001382.00"
"115/09/02","115","2","4569","六方科-KY","300494.00","-91687.00","1022.00","-25892.00","183937.00","835252.00","1019189.00"
"115/09/02","115","2","4571","鈞興-KY","267072.00","-219827.00","10127.00","74082.00","131454.00","871725.00","1003179.00"
"115/09/02","115","2","4572","駐龍","80074.00","-272307.00","-8220.00","--","-200453.00","478622.00","278169.00"
"115/09/02","115","2","4576","大銀微系統","211052.00","-163537.00","-17234.00","35915.00","66196.00","805629.00","871825.00"
"115/09/02","115","2","4581","光隆精密-KY","101972.00","-141026.00","-18708.00","37167.00","-20595.00","1058186.00","1037591.00"
"115/09/02","115","2","4582","聚恆-創","-252075.00","16950.00","409107.00","-193.00","173789.00","549059.00","722848.00"
"115/09/02","115","2","4583","台灣精銳","752756.00","766645.00","-829463.00","--","689938.00","1351775.00","2041713.00"
"115/09/02","115","2","4585","達明","-14152.00","196482.00","-156881.00","-6926.00","18523.00","343042.00","361565.00"
"115/09/02","115","2","4588","玖鼎電力","-157351.00","24668.00","189381.00","--","56698.00","356922.00","413620.00"
"115/09/02","115","2","4590","富田-創","456326.00","49972.00","100862.00","--","607160.00","1893584.00","2500744.00"
"115/09/02","115","2","4720","德淵","-142390.00","-29742.00","104582.00","31849.00","-35701.00","576644.00","540943.00"
"115/09/02","115","2","4722","國精化","-769490.00","-435995.00","1549064.00","27797.00","371376.00","271438.00","642814.00"
"115/09/02","115","2","4736","泰博","387895.00","422735.00","-389027.00","-5029.00","416574.00","2070468.00","2487042.00"
"115/09/02","115","2","4737","華廣","-82984.00","-41430.00","83618.00","1380.00","-39416.00","423124.00","383708.00"
"115/09/02","115","2","4739","康普","-193283.00","-230068.00","548859.00","-54869.00","70639.00","3316505.00","3387144.00"
"115/09/02","115","2","4746","台耀","246928.00","-530551.00","6601.00","-671.00","-277693.00","1140826.00","863133.00"
"115/09/02","115","2","4755","三福化","322430.00","-84977.00","-199993.00","-6790.00","30670.00","930682.00","961352.00"
"115/09/02","115","2","4763","材料*-KY","1697907.00","-2421366.00","21951.00","741549.00","40041.00","8510178.00","8550219.00"
"115/09/02","115","2","4764","雙鍵","159369.00","-510537.00","-77460.00","22639.00","-405989.00","1101222.00","695233.00"
"115/09/02","115","2","4766","南寶","976409.00","-478615.00","180847.00","140973.00","819614.00","7346151.00","8165765.00"
"115/09/02","115","2","4770","上品","440872.00","-579055.00","-876746.00","54134.00","-960795.00","3227950.00","2267155.00"
"115/09/02","115","2","4771","望隼","676113.00","-889501.00","226584.00","33151.00","46347.00","989443.00","1035790.00"
"115/09/02","115","2","4807","日成-KY","-78958.00","-36552.00","115853.00","-1718.00","-1375.00","90822.00","89447.00"
"115/09/02","115","2","4904","遠傳","17192360.00","-4553032.00","-12467206.00","-14413.00","157709.00","7143481.00","7301190.00"
"115/09/02","115","2","4906","正文","-1461053.00","-1078495.00","238789.00","36875.00","-2263884.00","6031220.00","3767336.00"
"115/09/02","115","2","4912","聯德控股-KY","270868.00","923894.00","-714098.00","22394.00","503058.00","1445923.00","1948981.00"
"115/09/02","115","2","4915","致伸","-785442.00","-1229309.00","504049.00","552599.00","-958103.00","12289381.00","11331278.00"
"115/09/02","115","2","4916","事欣科","-209605.00","57213.00","-258090.00","7003.00","-403479.00","1118038.00","714559.00"
"115/09/02","115","2","4919","新唐","-449455.00","-427704.00","1140358.00","-2009.00","261190.00","7202511.00","7463701.00"
"115/09/02","115","2","4927","泰鼎-KY","-382315.00","-316272.00","541788.00","-85956.00","-242755.00","705108.00","462353.00"
"115/09/02","115","2","4930","燦星網","-218927.00","425509.00","-101649.00","87209.00","192142.00","2345578.00","2537720.00"
"115/09/02","115","2","4934","太極","61800.00","-16992.00","667463.00","679.00","712950.00","388331.00","1101281.00"
"115/09/02","115","2","4935","茂林-KY","27027.00","-48406.00","-96312.00","54550.00","-63141.00","4532752.00","4469611.00"
"115/09/02","115","2","4938","和碩","-37820192.00","-3860646.00","29299699.00","1848911.00","-10532228.00","119380486.00","108848258.00"
"115/09/02","115","2","4942","嘉彰","134627.00","592641.00","-466533.00","76230.00","336965.00","1200716.00","1537681.00"
"115/09/02","115","2","4943","康控-KY","-183537.00","-33497.00","121851.00","14251.00","-80932.00","103213.00","22281.00"
"115/09/02","115","2","4949","有成精密","-130401.00","-47784.00","51563.00","16881.00","-109741.00","871900.00","762159.00"
"115/09/02","115","2","4952","凌通","91926.00","-164785.00","80278.00","-1445.00","5974.00","872252.00","878226.00"
"115/09/02","115","2","4956","光鋐","-91994.00","-57361.00","116112.00","904.00","-32339.00","290898.00","258559.00"
"115/09/02","115","2","4958","臻鼎-KY","12012424.00","-30387998.00","42615948.00","1563032.00","25803406.00","71116372.00","96919778.00"
"115/09/02","115","2","4960","誠美材","230917.00","-1555251.00","147438.00","87075.00","-1089821.00","2722541.00","1632720.00"
"115/09/02","115","2","4961","天鈺","2112663.00","-2382154.00","-402895.00","143775.00","-528611.00","2325895.00","1797284.00"
"115/09/02","115","2","4967","十銓","-4583853.00","-294363.00","5147601.00","1530.00","270915.00","708402.00","979317.00"
"115/09/02","115","2","4968","立積","17500.00","331605.00","-16439.00","1309.00","333975.00","704595.00","1038570.00"
"115/09/02","115","2","4976","佳凌","-139707.00","-20176.00","-35535.00","--","-195418.00","940169.00","744751.00"
"115/09/02","115","2","4977","眾達-KY","-32587.00","-1917111.00","2067150.00","61384.00","178836.00","525545.00","704381.00"
"115/09/02","115","2","4989","榮科","-293001.00","-17556.00","390683.00","972.00","81098.00","88420.00","169518.00"
"115/09/02","115","2","4994","傳奇","41922.00","-357.00","-17854.00","-7.00","23704.00","1052033.00","1075737.00"
"115/09/02","115","2","4999","鑫禾","55914.00","239037.00","-35321.00","22772.00","282402.00","287705.00","570107.00"
"115/09/02","115","2","5007","三星","603077.00","298250.00","-883206.00","1058.00","19179.00","1426842.00","1446021.00"
"115/09/02","115","2","5203","訊連","252977.00","-50360.00","-116872.00","-897.00","84848.00","590113.00","674961.00"
"115/09/02","115","2","5215","科嘉-KY","-52523.00","523264.00","-52945.00","13585.00","431381.00","535040.00","966421.00"
"115/09/02","115","2","5222","全訊","164790.00","98063.00","-160870.00","--","101983.00","314837.00","416820.00"
"115/09/02","115","2","5225","東科-KY","-243630.00","-90189.00","-616601.00","52194.00","-898226.00","1796680.00","898454.00"
"115/09/02","115","2","5234","達興材料","410615.00","102254.00","-649800.00","--","-136931.00","247361.00","110430.00"
"115/09/02","115","2","5236","凌陽創新","-294484.00","290029.00","-2815.00","477.00","-6793.00","2049608.00","2042815.00"
"115/09/02","115","2","5243","乙盛-KY","256651.00","-647858.00","174825.00","20802.00","-195580.00","4540187.00","4344607.00"
"115/09/02","115","2","5244","弘凱","-5496.00","-14324.00","102722.00","26284.00","109186.00","946529.00","1055715.00"
"115/09/02","115","2","5258","虹堡","-703719.00","-115869.00","63384.00","14681.00","-741523.00","2236358.00","1494835.00"
"115/09/02","115","2","5269","祥碩","2011243.00","-926830.00","-774613.00","52653.00","362453.00","4988751.00","5351204.00"
"115/09/02","115","2","5283","禾聯碩","-357202.00","-791022.00","1118535.00","--","-29689.00","951443.00","921754.00"
"115/09/02","115","2","5284","jpp-KY","766177.00","-359652.00","764154.00","-195200.00","975479.00","642561.00","1618040.00"
"115/09/02","115","2","5285","界霖","-3398.00","-40372.00","-42546.00","68731.00","-17585.00","1377765.00","1360180.00"
"115/09/02","115","2","5288","豐祥-KY","128215.00","73859.00","166826.00","25801.00","394701.00","1271467.00","1666168.00"
"115/09/02","115","2","5292","華懋","397334.00","195267.00","-4924.00","8502.00","596179.00","952334.00","1548513.00"
"115/09/02","115","2","5306","桂盟","450296.00","-545534.00","-225307.00","216111.00","-104434.00","2149128.00","2044694.00"
"115/09/02","115","2","5388","中磊","-3461479.00","-403060.00","3495938.00","169711.00","-198890.00","5759324.00","5560434.00"
"115/09/02","115","2","5434","崇越","887401.00","-705913.00","-16641.00","114117.00","278964.00","6828704.00","7107668.00"
"115/09/02","115","2","5469","瀚宇博","93775.00","-3658036.00","3246452.00","872343.00","554534.00","23136146.00","23690680.00"
"115/09/02","115","2","5471","松翰","282830.00","34913.00","-1408.00","19231.00","335566.00","1220660.00","1556226.00"
"115/09/02","115","2","5484","慧友","172694.00","-208521.00","56409.00","968.00","21550.00","60723.00","82273.00"
"115/09/02","115","2","5515","建國","700342.00","-66388.00","-17095.00","3486.00","620345.00","2349801.00","2970146.00"
"115/09/02","115","2","5519","隆大","-279630.00","28556.00","-675213.00","528.00","-925759.00","3067558.00","2141799.00"
"115/09/02","115","2","5521","工信","-272544.00","6378.00","-342401.00","--","-608567.00","2193136.00","1584569.00"
"115/09/02","115","2","5522","遠雄","-3405843.00","303367.00","-849723.00","--","-3952199.00","9971964.00","6019765.00"
"115/09/02","115","2","5525","順天","1413433.00","-3164.00","-1545817.00","0.00","-135548.00","514423.00","378875.00"
"115/09/02","115","2","5531","鄉林","-230355.00","-209204.00","545675.00","-461015.00","-354899.00","501190.00","146291.00"
"115/09/02","115","2","5533","皇鼎","-36099.00","-72418.00","-56033.00","--","-164550.00","2428022.00","2263472.00"
"115/09/02","115","2","5534","長虹","-71681.00","-87398.00","-475587.00","--","-634666.00","2338936.00","1704270.00"
"115/09/02","115","2","5538","東明-KY","-205870.00","158468.00","358787.00","204801.00","516186.00","2064511.00","2580697.00"
"115/09/02","115","2","5546","永固-KY","-100166.00","-1427.00","-110497.00","125760.00","-86330.00","130866.00","44536.00"
"115/09/02","115","2","5607","遠雄港","1165775.00","8271.00","-993004.00","--","181042.00","858619.00","1039661.00"
"115/09/02","115","2","5608","四維航","646091.00","-258579.00","-1355963.00","40194.00","-928257.00","1991995.00","1063738.00"
"115/09/02","115","2","5706","鳳凰","188580.00","-55302.00","-89932.00","1475.00","44821.00","191196.00","236017.00"
"115/09/02","115","2","5871","中租-KY","11442438.00","-5188584.00","-901579.00","44504.00","5396779.00","33923082.00","39319861.00"
"115/09/02","115","2","5906","台南-KY","118241.00","-45000.00","-32544.00","--","40697.00","146764.00","187461.00"
"115/09/02","115","2","5907","大洋-KY","153269.00","-55471.00","-160443.00","26796.00","-35849.00","243883.00","208034.00"
"115/09/02","115","2","6108","競國","-563615.00","-155333.00","249222.00","28074.00","-441652.00","3007388.00","2565736.00"
"115/09/02","115","2","6112","邁達特","-2279317.00","-61237.00","1885996.00","19911.00","-434647.00","1724124.00","1289477.00"
"115/09/02","115","2","6115","鎰勝","-200209.00","18687.00","-112559.00","112271.00","-181810.00","1731951.00","1550141.00"
"115/09/02","115","2","6116","彩晶","128208.00","-953659.00","-412853.00","16248.00","-1222056.00","5091499.00","3869443.00"
"115/09/02","115","2","6117","迎廣","340240.00","-474227.00","49992.00","9424.00","-74571.00","839711.00","765140.00"
"115/09/02","115","2","6120","達運","-207601.00","784799.00","-153549.00","191261.00","614910.00","4859611.00","5474521.00"
"115/09/02","115","2","6128","上福","57103.00","-77913.00","-140690.00","-4125.00","-165625.00","688261.00","522636.00"
"115/09/02","115","2","6133","金橋","-755.00","-13980.00","8453.00","30420.00","24138.00","377098.00","401236.00"
"115/09/02","115","2","6136","富爾特","-35781.00","41340.00","-117212.00","623.00","-111030.00","402038.00","291008.00"
"115/09/02","115","2","6139","亞翔","-4903156.00","-1023388.00","-504927.00","405577.00","-6025894.00","43537242.00","37511348.00"
"115/09/02","115","2","6141","柏承","9187.00","-40318.00","-17139.00","55822.00","7552.00","135636.00","143188.00"
"115/09/02","115","2","6142","友勁","-59441.00","26943.00","-119867.00","5845.00","-146520.00","800379.00","653859.00"
"115/09/02","115","2","6152","百一","-250305.00","-79109.00","292995.00","15507.00","-20912.00","801209.00","780297.00"
"115/09/02","115","2","6153","嘉聯益","-474719.00","284700.00","473681.00","-13654.00","270008.00","2930162.00","3200170.00"
"115/09/02","115","2","6155","鈞寶","39770.00","-72580.00","123208.00","8517.00","98915.00","287371.00","386286.00"
"115/09/02","115","2","6164","華興","57981.00","-7557.00","11353.00","7646.00","69423.00","399753.00","469176.00"
"115/09/02","115","2","6165","浪凡","159510.00","39889.00","-366500.00","596.00","-166505.00","1003515.00","837010.00"
"115/09/02","115","2","6166","凌華","163366.00","-106603.00","-183658.00","18839.00","-108056.00","2458627.00","2350571.00"
"115/09/02","115","2","6168","宏齊","84556.00","73626.00","-1359.00","-480.00","156343.00","307440.00","463783.00"
"115/09/02","115","2","6176","瑞儀","299546.00","-3355897.00","1905515.00","682543.00","-468293.00","34687934.00","34219641.00"
"115/09/02","115","2","6177","達麗","-1475368.00","-81560.00","1940898.00","1814.00","385784.00","1038727.00","1424511.00"
"115/09/02","115","2","6183","關貿","516808.00","-464838.00","-17085.00","2076.00","36961.00","767475.00","804436.00"
"115/09/02","115","2","6184","大豐電","316476.00","-33708.00","-597543.00","--","-314775.00","3062007.00","2747232.00"
"115/09/02","115","2","6189","豐藝","436547.00","-40626.00","-181559.00","-6414.00","207948.00","2900843.00","3108791.00"
"115/09/02","115","2","6191","精成科","-115267.00","-1986833.00","-428879.00","282030.00","-2248949.00","12909303.00","10660354.00"
"115/09/02","115","2","6192","巨路","684599.00","42020.00","-560609.00","59181.00","225191.00","1794824.00","2020015.00"
"115/09/02","115","2","6196","帆宣","4894836.00","-340574.00","-1749258.00","113574.00","2918578.00","13013564.00","15932142.00"
"115/09/02","115","2","6197","佳必琪","588921.00","-202692.00","-69125.00","40103.00","357207.00","2071557.00","2428764.00"
"115/09/02","115","2","6201","亞弘電","34896.00","108909.00","-15497.00","23268.00","151576.00","576994.00","728570.00"
"115/09/02","115","2","6202","盛群","218796.00","-929010.00","-255585.00","19125.00","-946674.00","1495204.00","548530.00"
"115/09/02","115","2","6205","詮欣","158787.00","-35906.00","-9709.00","2331.00","115503.00","640635.00","756138.00"
"115/09/02","115","2","6206","飛捷","-97618.00","306432.00","-6802.00","7314.00","209326.00","2218400.00","2427726.00"
"115/09/02","115","2","6209","今國光","201322.00","-192523.00","26919.00","951.00","36669.00","387932.00","424601.00"
"115/09/02","115","2","6213","聯茂","-999018.00","-2030473.00","184134.00","679117.00","-2166240.00","4989377.00","2823137.00"
"115/09/02","115","2","6214","精誠","-4074518.00","646807.00","3978861.00","30756.00","581906.00","5095330.00","5677236.00"
"115/09/02","115","2","6215","和椿","106164.00","92503.00","-93852.00","2421.00","107236.00","401029.00","508265.00"
"115/09/02","115","2","6216","居易","-45306.00","50712.00","6404.00","--","11810.00","344437.00","356247.00"
"115/09/02","115","2","6224","聚鼎","-55833.00","-130657.00","169265.00","37123.00","19898.00","710252.00","730150.00"
"115/09/02","115","2","6225","天瀚","-9609.00","-23048.00","23154.00","-33.00","-9536.00","35813.00","26277.00"
"115/09/02","115","2","6226","光鼎","-92506.00","5934.00","-30511.00","72739.00","-44344.00","280192.00","235848.00"
"115/09/02","115","2","6230","尼得科超眾","-130552.00","-52580.00","81263.00","227406.00","125537.00","3300106.00","3425643.00"
"115/09/02","115","2","6235","華孚","36191.00","-231281.00","-42932.00","88007.00","-150015.00","1045200.00","895185.00"
"115/09/02","115","2","6239","力成","10074675.00","-9479293.00","441403.00","213176.00","1249961.00","16375118.00","17625079.00"
"115/09/02","115","2","6243","迅杰","55572.00","-60339.00","-3448.00","--","-8215.00","591541.00","583326.00"
"115/09/02","115","2","6257","矽格","4015889.00","-4900825.00","257825.00","-7257.00","-634368.00","12718818.00","12084450.00"
"115/09/02","115","2","6269","台郡","-1186893.00","714802.00","-255644.00","175071.00","-552664.00","3293251.00","2740587.00"
"115/09/02","115","2","6271","同欣電","898165.00","-644525.00","159887.00","22504.00","436031.00","4276602.00","4712633.00"
"115/09/02","115","2","6272","驊陞","147591.00","-356429.00","-93834.00","45566.00","-257106.00","594014.00","336908.00"
"115/09/02","115","2","6277","宏正","219723.00","-65982.00","-160949.00","20719.00","13511.00","898036.00","911547.00"
"115/09/02","115","2","6278","台表科","2130976.00","-2107059.00","1651750.00","418307.00","2093974.00","10601890.00","12695864.00"
"115/09/02","115","2","6281","全國電","652157.00","342175.00","-728281.00","--","266051.00","877370.00","1143421.00"
"115/09/02","115","2","6282","康舒","344830.00","-1439606.00","1281816.00","72475.00","259515.00","6488454.00","6747969.00"
"115/09/02","115","2","6283","淳安","48775.00","-2303.00","88229.00","40787.00","175488.00","723417.00","898905.00"
"115/09/02","115","2","6285","啟��","-10466046.00","-2176776.00","11110610.00","367695.00","-1164517.00","14276301.00","13111784.00"
"115/09/02","115","2","6405","悅城","-23279.00","-261216.00","-200.00","--","-284695.00","522793.00","238098.00"
"115/09/02","115","2","6409","旭隼","682547.00","-163907.00","-92250.00","558930.00","985320.00","6415213.00","7400533.00"
"115/09/02","115","2","6412","群電","-193150.00","263014.00","-502222.00","408268.00","-24090.00","4800791.00","4776701.00"
"115/09/02","115","2","6414","樺漢","1094636.00","-2136196.00","1639852.00","124349.00","722641.00","28685416.00","29408057.00"
"115/09/02","115","2","6415","矽力*-KY","-1204991.00","-1722043.00","-6851.00","1018566.00","-1915319.00","9756361.00","7841042.00"
"115/09/02","115","2","6416","瑞祺電通","-514160.00","-235032.00","747442.00","-1831.00","-3581.00","455388.00","451807.00"
"115/09/02","115","2","6426","統新","52837.00","23689.00","-15820.00","--","60706.00","267820.00","328526.00"
"115/09/02","115","2","6431","光麗-KY","-112482.00","-19075.00","11508.00","-5151.00","-125200.00","208930.00","83730.00"
"115/09/02","115","2","6438","迅得","31615.00","11614.00","98860.00","29994.00","172083.00","1818254.00","1990337.00"
"115/09/02","115","2","6442","光聖","1236035.00","-257381.00","37189.00","54088.00","1069931.00","7487290.00","8557221.00"
"115/09/02","115","2","6443","元晶","-241771.00","-26769.00","63379.00","34.00","-205127.00","611512.00","406385.00"
"115/09/02","115","2","6446","藥華藥","4128873.00","-2672519.00","69482.00","251875.00","1777711.00","22692972.00","24470683.00"
"115/09/02","115","2","6449","鈺邦","314247.00","-663685.00","179319.00","30221.00","-139898.00","1760348.00","1620450.00"
"115/09/02","115","2","6451","訊芯-KY","29613.00","-953944.00","1011137.00","180783.00","267589.00","4833360.00","5100949.00"
"115/09/02","115","2","6456","GIS-KY","101832.00","4349161.00","-2773353.00","450743.00","2128383.00","9460900.00","11589283.00"
"115/09/02","115","2","6464","台數科","644221.00","-52849.00","-593260.00","--","-1888.00","1073749.00","1071861.00"
"115/09/02","115","2","6472","保瑞","1324837.00","-1946321.00","3934355.00","41258.00","3354129.00","5076889.00","8431018.00"
"115/09/02","115","2","6477","安集","307205.00","-103746.00","-146301.00","--","57158.00","518096.00","575254.00"
"115/09/02","115","2","6491","晶碩","914096.00","-1370366.00","-514119.00","6701.00","-963688.00","1708677.00","744989.00"
"115/09/02","115","2","6504","南六","-138277.00","-47613.00","-281476.00","104609.00","-362757.00","1302260.00","939503.00"
"115/09/02","115","2","6505","台塑化","5435396.00","-3891770.00","536480.00","76782.00","2156888.00","47523942.00","49680830.00"
"115/09/02","115","2","6515","穎崴","1024552.00","-4542780.00","3884892.00","13714.00","380378.00","2593851.00","2974229.00"
"115/09/02","115","2","6525","捷敏-KY","614363.00","-480526.00","-646005.00","59443.00","-452725.00","1868250.00","1415525.00"
"115/09/02","115","2","6526","達發","1268849.00","-560266.00","-35987.00","161951.00","834547.00","12742064.00","13576611.00"
"115/09/02","115","2","6531","愛普*","1296229.00","1084217.00","-53271.00","118112.00","2445287.00","7263192.00","9708479.00"
"115/09/02","115","2","6533","晶心科","-121310.00","-533169.00","-15992.00","5876.00","-664595.00","1419588.00","754993.00"
"115/09/02","115","2","6534","正瀚-創","779536.00","-94942.00","-438674.00","684.00","246604.00","394128.00","640732.00"
"115/09/02","115","2","6541","泰福-KY","-547239.00","-225665.00","494950.00","-8194.00","-286148.00","878709.00","592561.00"
"115/09/02","115","2","6550","北極星藥業-KY","-915965.00","-156172.00","554302.00","34358.00","-483477.00","1830396.00","1346919.00"
"115/09/02","115","2","6552","易華電","-33952.00","15404.00","-332675.00","--","-351223.00","617499.00","266276.00"
"115/09/02","115","2","6558","興能高","-16094.00","-84558.00","109942.00","2547.00","11837.00","445469.00","457306.00"
"115/09/02","115","2","6573","虹揚-KY","16415.00","11962.00","-49097.00","4188.00","-16532.00","156306.00","139774.00"
"115/09/02","115","2","6579","研揚","-715660.00","277615.00","368415.00","21092.00","-48538.00","2429992.00","2381454.00"
"115/09/02","115","2","6581","鋼聯","600126.00","-424513.00","-460810.00","--","-285197.00","676454.00","391257.00"
"115/09/02","115","2","6582","申豐","-6289.00","-93401.00","122573.00","169.00","23052.00","28471.00","51523.00"
"115/09/02","115","2","6585","鼎基","289714.00","-58697.00","-40153.00","2576.00","193440.00","576256.00","769696.00"
"115/09/02","115","2","6589","台康生技","-10205.00","-520036.00","-136816.00","-154.00","-667211.00","3526312.00","2859101.00"
"115/09/02","115","2","6591","動力-KY","98114.00","-175100.00","-32172.00","24549.00","-84609.00","1090256.00","1005647.00"
"115/09/02","115","2","6592","和潤企業","3197760.00","-3024715.00","-134066.00","261199.00","300178.00","4631325.00","4931503.00"
"115/09/02","115","2","6598","ABC-KY","-5927.00","-6720.00","-8839.00","5873.00","-15613.00","464786.00","449173.00"
"115/09/02","115","2","6605","帝寶","2636082.00","-1741933.00","-1134763.00","-130824.00","-371438.00","3641729.00","3270291.00"
"115/09/02","115","2","6606","建德工業","167444.00","-14589.00","-1643.00","27250.00","178462.00","84880.00","263342.00"
"115/09/02","115","2","6614","資拓宏宇","-502560.00","-97913.00","516052.00","802.00","-83619.00","398737.00","315118.00"
"115/09/02","115","2","6625","必應","181857.00","-104631.00","-186684.00","28184.00","-81274.00","1150197.00","1068923.00"
"115/09/02","115","2","6641","基士德-KY","-13284.00","-36049.00","-47477.00","20058.00","-76752.00","403660.00","326908.00"
"115/09/02","115","2","6645","金萬林-創","-76179.00","-29488.00","67875.00","55.00","-37737.00","123743.00","86006.00"
"115/09/02","115","2","6655","科定","138517.00","-105897.00","-7129.00","-2946.00","22545.00","139556.00","162101.00"
"115/09/02","115","2","6657","華安","-145790.00","53800.00","-13792.00","62.00","-105720.00","673102.00","567382.00"
"115/09/02","115","2","6658","聯策","90489.00","-144563.00","98793.00","17723.00","62442.00","767836.00","830278.00"
"115/09/02","115","2","6666","羅麗芬-KY","1828.00","-252365.00","2414.00","45016.00","-203107.00","613899.00","410792.00"
"115/09/02","115","2","6668","中揚光","-113568.00","68645.00","-30198.00","25159.00","-49962.00","369675.00","319713.00"
"115/09/02","115","2","6669","緯穎","-61567715.00","-12075015.00","69918240.00","-879152.00","-4603642.00","89933848.00","85330206.00"
"115/09/02","115","2","6670","復盛應用","3485201.00","-394242.00","-1130012.00","290647.00","2251594.00","7837404.00","10088998.00"
"115/09/02","115","2","6671","三能-KY","27268.00","-63586.00","-23152.00","10407.00","-49063.00","416934.00","367871.00"
"115/09/02","115","2","6672","騰輝電子-KY","207806.00","-561974.00","673189.00","38612.00","357633.00","897196.00","1254829.00"
"115/09/02","115","2","6674","鋐寶科技","-220796.00","-10142.00","-3941.00","-187.00","-235066.00","355819.00","120753.00"
"115/09/02","115","2","6689","伊雲谷","111869.00","-10192.00","3859.00","19985.00","125521.00","1320383.00","1445904.00"
"115/09/02","115","2","6691","洋基工程","2998654.00","216046.00","81469.00","42469.00","3338638.00","4989354.00","8327992.00"
"115/09/02","115","2","6695","芯鼎","-33813.00","-75588.00","386841.00","207.00","277647.00","883524.00","1161171.00"
"115/09/02","115","2","6698","旭暉應材","73593.00","-112121.00","20022.00","8491.00","-10015.00","545742.00","535727.00"
"115/09/02","115","2","6706","惠特","-379300.00","-140801.00","12961.00","2195.00","-504945.00","1332362.00","827417.00"
"115/09/02","115","2","6715","嘉基","27831.00","-19686.00","-60674.00","13301.00","-39228.00","1516777.00","1477549.00"
"115/09/02","115","2","6719","力智","148077.00","-632167.00","-3835.00","11536.00","-476389.00","1434870.00","958481.00"
"115/09/02","115","2","6722","輝創","118049.00","69221.00","135244.00","17250.00","339764.00","800953.00","1140717.00"
"115/09/02","115","2","6742","澤米","-19427.00","-92203.00","9581.00","2766.00","-99283.00","777106.00","677823.00"
"115/09/02","115","2","6743","安普新","168449.00","-90396.00","-50114.00","-36102.00","-8163.00","248826.00","240663.00"
"115/09/02","115","2","6753","龍德造船","-624579.00","-221852.00","117476.00","1523.00","-727432.00","3239995.00","2512563.00"
"115/09/02","115","2","6754","匯僑設計","-167005.00","97467.00","-14664.00","25963.00","-58239.00","1835448.00","1777209.00"
"115/09/02","115","2","6756","威鋒電子","66430.00","-240757.00","854.00","7661.00","-165812.00","998203.00","832391.00"
"115/09/02","115","2","6757","台灣虎航","4219233.00","-763545.00","-1034111.00","11452.00","2433029.00","10795952.00","13228981.00"
"115/09/02","115","2","6768","志強-KY","467949.00","-931260.00","873707.00","39993.00","450389.00","5366890.00","5817279.00"
"115/09/02","115","2","6770","力積電","15058597.00","11577056.00","-9152899.00","12147.00","17494901.00","24214750.00","41709651.00"
"115/09/02","115","2","6771","平和環保-創","45029.00","-213516.00","2244.00","--","-166243.00","298562.00","132319.00"
"115/09/02","115","2","6776","展�眥篕�","95237.00","-142126.00","297804.00","43318.00","294233.00","773996.00","1068229.00"
"115/09/02","115","2","6781","AES-KY","3042726.00","622630.00","-395830.00","546336.00","3815862.00","6302350.00","10118212.00"
"115/09/02","115","2","6782","視陽","590826.00","-930523.00","170378.00","3568.00","-165751.00","708369.00","542618.00"
"115/09/02","115","2","6789","采鈺","1716094.00","-643287.00","-709351.00","--","363456.00","11534487.00","11897943.00"
"115/09/02","115","2","6790","永豐實","1193778.00","-874048.00","-167906.00","33102.00","184926.00","1404678.00","1589604.00"
"115/09/02","115","2","6792","詠業","82158.00","-30571.00","-15501.00","2346.00","38432.00","732020.00","770452.00"
"115/09/02","115","2","6794","向榮生技","-38273.00","47142.00","-3158.00","--","5711.00","40840.00","46551.00"
"115/09/02","115","2","6796","晉弘","-33127.00","-182052.00","121430.00","207.00","-93542.00","539001.00","445459.00"
"115/09/02","115","2","6799","來頡","57980.00","32177.00","-31688.00","-585.00","57884.00","316795.00","374679.00"
"115/09/02","115","2","6805","富世達","2146423.00","-319334.00","-33685.00","308074.00","2101478.00","7445787.00","9547265.00"
"115/09/02","115","2","6807","峰源-KY","2496.00","309582.00","-132533.00","3568.00","183113.00","829344.00","1012457.00"
"115/09/02","115","2","6830","汎銓","361812.00","-611472.00","76383.00","36383.00","-136894.00","819255.00","682361.00"
"115/09/02","115","2","6831","邁科","354597.00","-145330.00","-108398.00","-11674.00","89195.00","1106146.00","1195341.00"
"115/09/02","115","2","6834","天二科技","-12949.00","15235.00","58120.00","508.00","60914.00","327074.00","387988.00"
"115/09/02","115","2","6835","圓裕","29065.00","-82972.00","-43164.00","8582.00","-88489.00","1707834.00","1619345.00"
"115/09/02","115","2","6838","台新藥","-184697.00","50604.00","-3348.00","2411.00","-135030.00","241785.00","106755.00"
"115/09/02","115","2","6854","錼創科技-KY創","77865.00","-882844.00","839791.00","17439.00","52251.00","2214943.00","2267194.00"
"115/09/02","115","2","6861","睿生光電","40612.00","-8807.00","-37261.00","3852.00","-1604.00","869065.00","867461.00"
"115/09/02","115","2","6862","三集瑞-KY","110426.00","-276672.00","768901.00","-3626.00","599029.00","717589.00","1316618.00"
"115/09/02","115","2","6863","永道-KY","190303.00","-635915.00","256724.00","89695.00","-99193.00","2609009.00","2509816.00"
"115/09/02","115","2","6869","雲豹能源","-136468.00","-1185176.00","1236431.00","-23503.00","-108716.00","2126038.00","2017322.00"
"115/09/02","115","2","6873","泓德能源","-870960.00","-1472297.00","1691878.00","-76766.00","-728145.00","2367671.00","1639526.00"
"115/09/02","115","2","6885","全福生技","-157736.00","-337421.00","-4244.00","-4.00","-499405.00","798429.00","299024.00"
"115/09/02","115","2","6887","寶綠特-KY","361854.00","-101635.00","-105859.00","66752.00","221112.00","1845482.00","2066594.00"
"115/09/02","115","2","6890","來億-KY","211579.00","-1056620.00","-1883226.00","1091736.00","-1636531.00","7988223.00","6351692.00"
"115/09/02","115","2","6901","鑽石投資","-218863.00","1536.00","-5695.00","--","-223022.00","2756498.00","2533476.00"
"115/09/02","115","2","6902","GOGOLOOK","38966.00","-13291.00","64466.00","1648.00","91789.00","309992.00","401781.00"
"115/09/02","115","2","6906","現觀科","158446.00","-477721.00","-5629.00","513.00","-324391.00","620102.00","295711.00"
"115/09/02","115","2","6908","宏�砦C戲-創","110339.00","-33878.00","-292402.00","17569.00","-198372.00","1117127.00","918755.00"
"115/09/02","115","2","6909","創控","-74772.00","-102233.00","-71266.00","--","-248271.00","348226.00","99955.00"
"115/09/02","115","2","6914","阜爾運通","1615823.00","-250144.00","-1114391.00","--","251288.00","1404996.00","1656284.00"
"115/09/02","115","2","6916","華凌","-24142.00","-58620.00","11813.00","28346.00","-42603.00","434090.00","391487.00"
"115/09/02","115","2","6918","愛派司","101811.00","-130676.00","-102468.00","2540.00","-128793.00","604351.00","475558.00"
"115/09/02","115","2","6919","康霈*","-151774.00","2389627.00","46329.00","-21509.00","2262673.00","784441.00","3047114.00"
"115/09/02","115","2","6921","嘉雨思-創","-7490.00","-14964.00","-47750.00","--","-70204.00","138321.00","68117.00"
"115/09/02","115","2","6923","中台","244105.00","-33895.00","-191492.00","21.00","18739.00","78447.00","97186.00"
"115/09/02","115","2","6924","榮惠-KY創","42172.00","-7894.00","-7634.00","-2298.00","24346.00","398888.00","423234.00"
"115/09/02","115","2","6928","攸泰科技","14482.00","-188813.00","-24147.00","4416.00","-194062.00","986714.00","792652.00"
"115/09/02","115","2","6931","青松健康","-31153.00","-65955.00","-67085.00","--","-164193.00","398394.00","234201.00"
"115/09/02","115","2","6933","AMAX-KY","-380108.00","-126837.00","588963.00","86329.00","168347.00","863697.00","1032044.00"
"115/09/02","115","2","6934","心誠鎂","-111009.00","-183281.00","324691.00","-59.00","30342.00","138545.00","168887.00"
"115/09/02","115","2","6936","永鴻生技","62814.00","-41663.00","-5707.00","--","15444.00","121926.00","137370.00"
"115/09/02","115","2","6937","天虹","120964.00","-49168.00","432544.00","-866.00","503474.00","617505.00","1120979.00"
"115/09/02","115","2","6944","兆聯實業","2372343.00","-1232077.00","-398567.00","27063.00","768762.00","6679295.00","7448057.00"
"115/09/02","115","2","6947","台鎔科技","469599.00","-58752.00","-78367.00","--","332480.00","336945.00","669425.00"
"115/09/02","115","2","6949","沛爾生醫-創","-241764.00","486561.00","1300651.00","322.00","1545770.00","306699.00","1852469.00"
"115/09/02","115","2","6951","青新-創","113182.00","-254487.00","759.00","--","-140546.00","291461.00","150915.00"
"115/09/02","115","2","6952","大武山","170769.00","-217615.00","1499.00","--","-45347.00","187898.00","142551.00"
"115/09/02","115","2","6955","邦睿生技-創","34935.00","-57067.00","-53896.00","1423.00","-74605.00","271245.00","196640.00"
"115/09/02","115","2","6957","裕慶-KY","275961.00","-55144.00","-86510.00","29298.00","163605.00","1066939.00","1230544.00"
"115/09/02","115","2","6958","日盛台駿","4535694.00","-2785990.00","-4423384.00","106340.00","-2567340.00","4514216.00","1946876.00"
"115/09/02","115","2","6962","奕力-KY","743106.00","1569190.00","-457470.00","34720.00","1889546.00","1917603.00","3807149.00"
"115/09/02","115","2","6965","中傑-KY","-571377.00","-367796.00","949642.00","28890.00","39359.00","4287778.00","4327137.00"
"115/09/02","115","2","6969","成信實業*-創","-10001.00","28179.00","7380.00","--","25558.00","77064.00","102622.00"
"115/09/02","115","2","6988","威力暘-創","-8976.00","-163662.00","74382.00","6731.00","-91525.00","366309.00","274784.00"
"115/09/02","115","2","6994","富威電力","80993.00","-66423.00","-318823.00","-199.00","-304452.00","573909.00","269457.00"
"115/09/02","115","2","7610","聯友金屬-創","38384.00","-694694.00","1198813.00","--","542503.00","261172.00","803675.00"
"115/09/02","115","2","7631","聚賢研發-創","-346059.00","-81548.00","265733.00","1546.00","-160328.00","610574.00","450246.00"
"115/09/02","115","2","7689","大鵬科CLMX","122994.00","-96596.00","13488.00","54.00","39940.00","364588.00","404528.00"
"115/09/02","115","2","7705","三商餐飲","383304.00","-92819.00","-251303.00","-234.00","38948.00","383200.00","422148.00"
"115/09/02","115","2","7711","永擎","-3642362.00","-308533.00","1316722.00","1.00","-2634172.00","4119409.00","1485237.00"
"115/09/02","115","2","7721","微程式","74386.00","-85748.00","-28528.00","2453.00","-37437.00","288455.00","251018.00"
"115/09/02","115","2","7722","LINEPAY","267502.00","-31750.00","-37345.00","-4835.00","193572.00","9634643.00","9828215.00"
"115/09/02","115","2","7730","暉盛-創","39804.00","-95942.00","-16012.00","-79.00","-72229.00","543381.00","471152.00"
"115/09/02","115","2","7732","金興精密","20294.00","-96002.00","-104203.00","-13413.00","-193324.00","451012.00","257688.00"
"115/09/02","115","2","7736","虎山","181969.00","-891932.00","26308.00","2367.00","-681288.00","1293988.00","612700.00"
"115/09/02","115","2","7740","熙特爾-創","-298060.00","-245289.00","482175.00","-2871.00","-64045.00","1361790.00","1297745.00"
"115/09/02","115","2","7749","意騰-KY","238958.00","-435768.00","-8656.00","5272.00","-200194.00","1816887.00","1616693.00"
"115/09/02","115","2","7750","新代","758860.00","-325104.00","-1161847.00","242636.00","-485455.00","7707263.00","7221808.00"
"115/09/02","115","2","7760","享溫馨","105762.00","-123893.00","37668.00","--","19537.00","174547.00","194084.00"
"115/09/02","115","2","7765","中華資安","134552.00","-106264.00","-13923.00","--","14365.00","1198460.00","1212825.00"
"115/09/02","115","2","7768","頌勝科技","117672.00","-1525673.00","2859138.00","-13209.00","1437928.00","902437.00","2340365.00"
"115/09/02","115","2","7769","鴻勁","2610926.00","-3440122.00","84912.00","7424.00","-736860.00","53426985.00","52690125.00"
"115/09/02","115","2","7780","大研生醫*","104922.00","2886386.00","-83994.00","117494.00","3024808.00","2236290.00","5261098.00"
"115/09/02","115","2","7786","東方風能","1193499.00","-3746617.00","1689147.00","-147.00","-864118.00","1690712.00","826594.00"
"115/09/02","115","2","7788","松川精密","29621.00","-1245733.00","952935.00","10912.00","-252265.00","2142454.00","1890189.00"
"115/09/02","115","2","7791","皇家可口","4432.00","14867.00","-315231.00","--","-295932.00","678526.00","382594.00"
"115/09/02","115","2","7795","長廣","321612.00","-29111.00","941060.00","-21892.00","1211669.00","1131920.00","2343589.00"
"115/09/02","115","2","7799","禾榮科","-431894.00","-1383824.00","2911.00","533.00","-1812274.00","2348611.00","536337.00"
"115/09/02","115","2","7803","雲象科技-創","-146912.00","-8279.00","122807.00","-579.00","-32963.00","568250.00","535287.00"
"115/09/02","115","2","7818","溢泰實業","1071220.00","-264727.00","-552988.00","110276.00","363781.00","998662.00","1362443.00"
"115/09/02","115","2","7821","神數","-68218.00","-263819.00","322785.00","4439.00","-4813.00","2711936.00","2707123.00"
"115/09/02","115","2","7822","倍利科","194553.00","-1258730.00","4839315.00","--","3775138.00","1152718.00","4927856.00"
"115/09/02","115","2","7823","奧義賽博-KY創","17762.00","-8848.00","172110.00","206.00","181230.00","487153.00","668383.00"
"115/09/02","115","2","7827","漢康-KY創","-464123.00","-10724.00","1146861.00","21843.00","693857.00","1064402.00","1758259.00"
"115/09/02","115","2","7835","永悅健康-創","12740.00","-8809.00","37508.00","-354.00","41085.00","247426.00","288511.00"
"115/09/02","115","2","7855","和運租車","10608270.00","-9112593.00","-1544695.00","--","-49018.00","366543.00","317525.00"
"115/09/02","115","2","8011","台通","316585.00","-459143.00","-277559.00","3238.00","-416879.00","979067.00","562188.00"
"115/09/02","115","2","8016","矽創","2534347.00","-1139575.00","-414426.00","66393.00","1046739.00","5731747.00","6778486.00"
"115/09/02","115","2","8021","尖點","198595.00","-1118072.00","1514334.00","95216.00","690073.00","1813992.00","2504065.00"
"115/09/02","115","2","8028","昇陽半導體","501211.00","-1656113.00","1122578.00","--","-32324.00","1000272.00","967948.00"
"115/09/02","115","2","8033","雷虎","-86703.00","-720149.00","1272879.00","4210.00","470237.00","235774.00","706011.00"
"115/09/02","115","2","8039","台虹","853040.00","-133037.00","269192.00","73810.00","1063005.00","2878143.00","3941148.00"
"115/09/02","115","2","8045","達運光電","-101309.00","-41516.00","492938.00","2042.00","352155.00","344685.00","696840.00"
"115/09/02","115","2","8046","南電","2996931.00","-1470365.00","-110235.00","377532.00","1793863.00","8589500.00","10383363.00"
"115/09/02","115","2","8070","長華*","359528.00","58177.00","-996996.00","252257.00","-327034.00","7386449.00","7059415.00"
"115/09/02","115","2","8072","陞泰","34014.00","29803.00","-1791.00","-3576.00","58450.00","272851.00","331301.00"
"115/09/02","115","2","8081","致新","1072897.00","177510.00","-707.00","1214.00","1250914.00","4539798.00","5790712.00"
"115/09/02","115","2","8101","華冠","-49069.00","-43623.00","64368.00","-2720.00","-31044.00","50390.00","19346.00"
"115/09/02","115","2","8103","瀚荃","199484.00","-809848.00","422332.00","105950.00","-82082.00","2471875.00","2389793.00"
"115/09/02","115","2","8104","錸寶","61101.00","-623155.00","-207031.00","1208.00","-767877.00","1318296.00","550419.00"
"115/09/02","115","2","8105","凌巨","350437.00","-263600.00","-145400.00","11785.00","-46778.00","2309837.00","2263059.00"
"115/09/02","115","2","8110","華東","311251.00","-286493.00","-441921.00","39089.00","-378074.00","3131317.00","2753243.00"
"115/09/02","115","2","8112","至上","-56977068.00","-102203.00","51811517.00","167487.00","-5100267.00","8999603.00","3899336.00"
"115/09/02","115","2","8114","振樺電","-1896207.00","-305606.00","687854.00","32349.00","-1481610.00","5752224.00","4270614.00"
"115/09/02","115","2","8131","福懋科","295404.00","-1352440.00","-20884.00","--","-1077920.00","4056111.00","2978191.00"
"115/09/02","115","2","8150","南茂","1531727.00","-3209628.00","-632720.00","4055.00","-2306566.00","14858903.00","12552337.00"
"115/09/02","115","2","8162","微矽電子-創","181510.00","-167506.00","-21433.00","--","-7429.00","294127.00","286698.00"
"115/09/02","115","2","8163","達方","88440.00","-879514.00","773095.00","61990.00","44011.00","6261578.00","6305589.00"
"115/09/02","115","2","8201","無敵","-38255.00","1783.00","-2150.00","2332.00","-36290.00","254980.00","218690.00"
"115/09/02","115","2","8210","勤誠","2704497.00","-1552458.00","1898039.00","74038.00","3124116.00","5688287.00","8812403.00"
"115/09/02","115","2","8213","志超","-706734.00","-429530.00","249156.00","616929.00","-270179.00","8047207.00","7777028.00"
"115/09/02","115","2","8215","明基材","211581.00","-381720.00","39062.00","50513.00","-80564.00","729256.00","648692.00"
"115/09/02","115","2","8222","寶一","170766.00","-45048.00","13325.00","--","139043.00","178598.00","317641.00"
"115/09/02","115","2","8249","菱光","-120309.00","-51177.00","35838.00","85019.00","-50629.00","3056458.00","3005829.00"
"115/09/02","115","2","8261","富鼎","305378.00","-723530.00","-2174.00","7736.00","-412590.00","1318850.00","906260.00"
"115/09/02","115","2","8271","宇瞻","-968676.00","110468.00","2428804.00","10578.00","1581174.00","852913.00","2434087.00"
"115/09/02","115","2","8341","日友","680681.00","-328947.00","-290676.00","5745.00","66803.00","655554.00","722357.00"
"115/09/02","115","2","8367","建新國際","357898.00","-963770.00","381682.00","--","-224190.00","577395.00","353205.00"
"115/09/02","115","2","8374","羅昇","126590.00","-16916.00","148758.00","20310.00","278742.00","1140155.00","1418897.00"
"115/09/02","115","2","8404","百和興業-KY","205351.00","-1249782.00","953195.00","79644.00","-11592.00","2215748.00","2204156.00"
"115/09/02","115","2","8411","福貞-KY","410061.00","-147817.00","-391023.00","64584.00","-64195.00","1717966.00","1653771.00"
"115/09/02","115","2","8422","可寧衛*","-1616537.00","-1153538.00","3662046.00","1419.00","893390.00","3222639.00","4116029.00"
"115/09/02","115","2","8429","金麗-KY","8153.00","0.00","3460.00","208860.00","220473.00","4822372.00","5042845.00"
"115/09/02","115","2","8438","昶昕","140034.00","-48959.00","-26656.00","23494.00","87913.00","554451.00","642364.00"
"115/09/02","115","2","8442","威宏-KY","-106369.00","-351089.00","388733.00","42453.00","-26272.00","917814.00","891542.00"
"115/09/02","115","2","8443","阿瘦","44254.00","-1028.00","-70760.00","--","-27534.00","209429.00","181895.00"
"115/09/02","115","2","8454","富邦媒","3425896.00","-519055.00","-381169.00","1703.00","2527375.00","2241322.00","4768697.00"
"115/09/02","115","2","8462","柏文","1169787.00","-313103.00","-153941.00","--","702743.00","1247828.00","1950571.00"
"115/09/02","115","2","8463","潤泰材","493861.00","-216528.00","-49581.00","--","227752.00","381163.00","608915.00"
"115/09/02","115","2","8464","億豐","4534424.00","-1196324.00","-4567620.00","165971.00","-1063549.00","16872121.00","15808572.00"
"115/09/02","115","2","8466","美吉吉-KY","19454.00","53975.00","-8405.00","111012.00","176036.00","1628790.00","1804826.00"
"115/09/02","115","2","8467","波力-KY","-74178.00","-305023.00","-120363.00","112142.00","-387422.00","2164653.00","1777231.00"
"115/09/02","115","2","8473","山林水","-148798.00","59104.00","-247342.00","--","-337036.00","3778726.00","3441690.00"
"115/09/02","115","2","8476","台境*","30948.00","-101680.00","137090.00","543.00","66901.00","238239.00","305140.00"
"115/09/02","115","2","8478","東哥遊艇","-1109926.00","1361253.00","-1292402.00","90681.00","-950394.00","2861968.00","1911574.00"
"115/09/02","115","2","8481","政伸","65198.00","-25928.00","-3430.00","18748.00","54588.00","427942.00","482530.00"
"115/09/02","115","2","8482","商億-KY","396537.00","147373.00","-230680.00","33972.00","347202.00","668880.00","1016082.00"
"115/09/02","115","2","8487","愛爾達-創","298163.00","-77204.00","-135012.00","1715.00","87662.00","181554.00","269216.00"
"115/09/02","115","2","8488","吉源-KY","106539.00","60598.00","-101197.00","14436.00","80376.00","544314.00","624690.00"
"115/09/02","115","2","8499","鼎炫-KY","549024.00","108196.00","-315590.00","217132.00","558762.00","1538955.00","2097717.00"
"115/09/02","115","2","8926","台汽電","-920976.00","-414444.00","4062892.00","1658.00","2729130.00","2097664.00","4826794.00"
"115/09/02","115","2","8940","新天地","108914.00","-55261.00","-39832.00","--","13821.00","264348.00","278169.00"
"115/09/02","115","2","8996","高力","924694.00","-721269.00","648454.00","7601.00","859480.00","1676895.00","2536375.00"
"115/09/02","115","2","9802","鈺齊-KY","-274010.00","-613580.00","-407630.00","81994.00","-1213226.00","2364689.00","1151463.00"
"115/09/02","115","2","9902","台火","18816.00","-30174.00","-3050.00","--","-14408.00","233786.00","219378.00"
"115/09/02","115","2","9904","寶成","-2854290.00","-6657953.00","5523626.00","1668417.00","-2320200.00","27293976.00","24973776.00"
"115/09/02","115","2","9905","大華","-198663.00","-255235.00","-7208.00","88942.00","-372164.00","997109.00","624945.00"
"115/09/02","115","2","9906","欣巴巴","257833.00","-6867.00","-152609.00","--","98357.00","321178.00","419535.00"
"115/09/02","115","2","9907","統一實","1839139.00","-678620.00","-183533.00","337436.00","1314422.00","4034885.00","5349307.00"
"115/09/02","115","2","9908","大台北","542009.00","-274094.00","-26115.00","--","241800.00","1991913.00","2233713.00"
"115/09/02","115","2","9910","豐泰","1135078.00","-964225.00","-1871116.00","117316.00","-1582947.00","5353467.00","3770520.00"
"115/09/02","115","2","9911","櫻花","585912.00","-158559.00","-1167940.00","899.00","-739688.00","2157010.00","1417322.00"
"115/09/02","115","2","9912","偉聯","-4094.00","-958.00","12866.00","-3085.00","4729.00","93241.00","97970.00"
"115/09/02","115","2","9914","美利達","1970286.00","276913.00","-1225581.00","57985.00","1079603.00","3576596.00","4656199.00"
"115/09/02","115","2","9917","中保科","1510163.00","-855860.00","-662151.00","--","-7848.00","5847304.00","5839456.00"
"115/09/02","115","2","9918","欣天然","183324.00","22398.00","-4784.00","--","200938.00","609384.00","810322.00"
"115/09/02","115","2","9919","康那香","-160958.00","-50379.00","-142181.00","24485.00","-329033.00","1317958.00","988925.00"
"115/09/02","115","2","9921","巨大","3620972.00","-1339013.00","437320.00","462317.00","3181596.00","12298072.00","15479668.00"
"115/09/02","115","2","9924","福興","575673.00","-462740.00","-259116.00","35327.00","-110856.00","1705253.00","1594397.00"
"115/09/02","115","2","9925","新保","500965.00","-314996.00","-19907.00","-2824.00","163238.00","3734420.00","3897658.00"
"115/09/02","115","2","9926","新海","583713.00","-199798.00","-33.00","--","383882.00","422803.00","806685.00"
"115/09/02","115","2","9927","泰銘","-262485.00","116860.00","199277.00","5237.00","58889.00","1332020.00","1390909.00"
"115/09/02","115","2","9928","中視","-3907.00","-11371.00","-7779.00","--","-23057.00","137866.00","114809.00"
"115/09/02","115","2","9929","秋雨","91621.00","24915.00","-81854.00","--","34682.00","265169.00","299851.00"
"115/09/02","115","2","9930","中聯資源","1200580.00","-211988.00","-772603.00","4685.00","220674.00","352883.00","573557.00"
"115/09/02","115","2","9931","欣高","368039.00","-244095.00","18052.00","--","141996.00","339804.00","481800.00"
"115/09/02","115","2","9933","中鼎","13488660.00","-2850631.00","-5963670.00","--","4674359.00","36187354.00","40861713.00"
"115/09/02","115","2","9934","成霖","456530.00","-1686535.00","-170585.00","104267.00","-1296323.00","2879380.00","1583057.00"
"115/09/02","115","2","9935","慶豐富","280292.00","-781395.00","736875.00","27328.00","263100.00","388015.00","651115.00"
"115/09/02","115","2","9937","全國","1254531.00","-51699.00","-210628.00","0.00","992204.00","380152.00","1372356.00"
"115/09/02","115","2","9938","百和","487243.00","-1481749.00","920451.00","139899.00","65844.00","4120263.00","4186107.00"
"115/09/02","115","2","9939","宏全","966362.00","-1575879.00","638289.00","-106319.00","-77547.00","3922004.00","3844457.00"
"115/09/02","115","2","9940","信義","701731.00","-1228092.00","596889.00","58048.00","128576.00","4474574.00","4603150.00"
"115/09/02","115","2","9941","裕融","1978795.00","-2706508.00","729447.00","68524.00","70258.00","6995156.00","7065414.00"
"115/09/02","115","2","9942","茂順","469318.00","-688838.00","243399.00","-15060.00","8819.00","343462.00","352281.00"
"115/09/02","115","2","9943","好樂迪","232052.00","140499.00","-123421.00","--","249130.00","369086.00","618216.00"
"115/09/02","115","2","9944","新麗","178332.00","-126441.00","-4353.00","26246.00","73784.00","1759861.00","1833645.00"
"115/09/02","115","2","9945","潤泰新","3128038.00","-278367.00","-3040886.00","19856.00","-171359.00","5345928.00","5174569.00"
"115/09/02","115","2","9946","三發地產","1555735.00","-238821.00","-483718.00","--","833196.00","1376713.00","2209909.00"
"115/09/02","115","2","9955","佳龍","-42991.00","-47259.00","84231.00","1635.00","-4384.00","83445.00","79061.00"
"115/09/02","115","2","9958","世紀鋼","1899107.00","-11518675.00","11301910.00","8164.00","1690506.00","11477284.00","13167790.00"
