出表日期,年度,季別,公司代號,公司名稱,營業活動之淨現金流入（流出）,投資活動之淨現金流入（流出）,籌資活動之淨現金流入（流出）,匯率變動對現金及約當現金之影響,本期現金及約當現金增加（減少）數,期初現金及約當現金餘額,期末現金及約當現金餘額
"115/10/02","115","1","1240","茂生農經","11292.00","-66091.00","1445.00","--","-53354.00","156308.00","102954.00"
"115/10/02","115","1","1259","安心","152072.00","-92118.00","-67382.00","0.00","-7428.00","342985.00","335557.00"
"115/10/02","115","1","1264","德麥","348447.00","-145491.00","-87180.00","12168.00","127944.00","735291.00","863235.00"
"115/10/02","115","1","1268","漢來美食","246668.00","-243151.00","-73418.00","--","-69901.00","929985.00","860084.00"
"115/10/02","115","1","1294","漢田生技","35977.00","-6317.00","-14873.00","133.00","14920.00","249396.00","264316.00"
"115/10/02","115","1","1295","生合","21662.00","-166567.00","259761.00","7649.00","122505.00","269936.00","392441.00"
"115/10/02","115","1","1336","台翰","-1924.00","-22774.00","40817.00","8860.00","24979.00","415933.00","440912.00"
"115/10/02","115","1","1565","精華","-126187.00","85231.00","-38567.00","2.00","-79521.00","2171339.00","2091818.00"
"115/10/02","115","1","1569","濱川","-92075.00","-175395.00","198175.00","-10259.00","-79554.00","851590.00","772036.00"
"115/10/02","115","1","1570","力肯","31996.00","-359.00","-2144.00","154.00","29647.00","398168.00","427815.00"
"115/10/02","115","1","1580","新麥","-1512.00","-222164.00","-19938.00","26449.00","-217165.00","1148603.00","931438.00"
"115/10/02","115","1","1584","精剛","129671.00","-97657.00","-136411.00","--","-104397.00","554147.00","449750.00"
"115/10/02","115","1","1586","和勤","-3670.00","-10494.00","-53259.00","-2835.00","-70258.00","458387.00","388129.00"
"115/10/02","115","1","1591","駿吉-KY","-65314.00","-9483.00","71449.00","3045.00","-303.00","121637.00","121334.00"
"115/10/02","115","1","1593","祺驊","16459.00","-24673.00","-26603.00","6926.00","-27891.00","312910.00","285019.00"
"115/10/02","115","1","1595","川寶","41288.00","121580.00","175717.00","5166.00","343751.00","696187.00","1039938.00"
"115/10/02","115","1","1599","宏佳騰","140246.00","-2891.00","-34843.00","11829.00","114341.00","461900.00","576241.00"
"115/10/02","115","1","1742","台蠟","-8612.00","10013.00","-73456.00","870.00","-71185.00","262710.00","191525.00"
"115/10/02","115","1","1777","生泰","44417.00","-14446.00","-718.00","--","29253.00","1048603.00","1077856.00"
"115/10/02","115","1","1780","立弘","65275.00","-31249.00","-5385.00","131.00","28772.00","789081.00","817853.00"
"115/10/02","115","1","1781","合世","-12050.00","-3482.00","-945.00","7342.00","-9135.00","247647.00","238512.00"
"115/10/02","115","1","1784","訊聯","3795.00","-45018.00","16538.00","227.00","-24458.00","256047.00","231589.00"
"115/10/02","115","1","1785","光洋科","-1440190.00","-244487.00","1987362.00","92949.00","395634.00","2624340.00","3019974.00"
"115/10/02","115","1","1788","杏昌","-31778.00","-51296.00","39081.00","1011.00","-42982.00","463960.00","420978.00"
"115/10/02","115","1","1796","金穎生技","15571.00","-7442.00","-9917.00","477.00","-1311.00","280260.00","278949.00"
"115/10/02","115","1","1799","易威","79831.00","-39145.00","-3714.00","5260.00","42232.00","281062.00","323294.00"
"115/10/02","115","1","1813","寶利徠","1194.00","-2699.00","4069.00","-1116.00","1448.00","106032.00","107480.00"
"115/10/02","115","1","1815","富喬","444008.00","-1236330.00","467554.00","672.00","-324096.00","1910675.00","1586579.00"
"115/10/02","115","1","2035","唐榮公司","-506413.00","32007.00","354746.00","--","-119660.00","222302.00","102642.00"
"115/10/02","115","1","2061","風青","17792.00","2638.00","11496.00","14611.00","46537.00","59439.00","105976.00"
"115/10/02","115","1","2063","世鎧精密","-5341.00","4575.00","-17637.00","858.00","-17545.00","346142.00","328597.00"
"115/10/02","115","1","2064","晉椿","-24232.00","-584.00","-46849.00","0.00","-71665.00","364321.00","292656.00"
"115/10/02","115","1","2065","世豐","40914.00","-30543.00","54470.00","10296.00","75137.00","270106.00","345243.00"
"115/10/02","115","1","2066","世德","63295.00","-48508.00","-32751.00","-4105.00","-22069.00","886013.00","863944.00"
"115/10/02","115","1","2067","嘉鋼","-6785.00","-8312.00","-7188.00","-1413.00","-23698.00","80087.00","56389.00"
"115/10/02","115","1","2070","精湛","60113.00","-26162.00","197161.00","2638.00","233750.00","283041.00","516791.00"
"115/10/02","115","1","2073","雄順","17632.00","-48399.00","45661.00","--","14894.00","33504.00","48398.00"
"115/10/02","115","1","2221","大甲","-15184.00","-10512.00","-15663.00","914.00","-40445.00","439392.00","398947.00"
"115/10/02","115","1","2230","泰茂","153326.00","67630.00","-121366.00","-930.00","98660.00","402095.00","500755.00"
"115/10/02","115","1","2235","謚源","31581.00","-77288.00","-3192.00","--","-48899.00","96747.00","47848.00"
"115/10/02","115","1","2596","綠意","135645.00","15000.00","-46205.00","--","104440.00","162507.00","266947.00"
"115/10/02","115","1","2640","大車隊","173656.00","-18473.00","-382969.00","--","-227786.00","1396812.00","1169026.00"
"115/10/02","115","1","2641","正德","324301.00","-180753.00","9550.00","2803.00","155901.00","1121106.00","1277007.00"
"115/10/02","115","1","2643","捷迅","472278.00","-47647.00","-15806.00","7930.00","416755.00","516131.00","932886.00"
"115/10/02","115","1","2718","全心投控","130838.00","-1137013.00","-270454.00","--","-1276629.00","2877557.00","1600928.00"
"115/10/02","115","1","2719","燦星旅","35228.00","-31820.00","-3505.00","--","-97.00","196226.00","196129.00"
"115/10/02","115","1","2724","藝舍-KY","-59970.00","-977.00","7680.00","--","-53267.00","100461.00","47194.00"
"115/10/02","115","1","2726","雅茗-KY","583.00","-2641.00","9544.00","-1586.00","5900.00","149224.00","155124.00"
"115/10/02","115","1","2729","瓦城","151062.00","-177707.00","19317.00","3296.00","-4032.00","373590.00","369558.00"
"115/10/02","115","1","2732","六角","212366.00","-365605.00","-526485.00","-8971.00","-688695.00","1611788.00","923093.00"
"115/10/02","115","1","2734","易飛網","3490.00","-65278.00","-18781.00","--","-80569.00","371354.00","290785.00"
"115/10/02","115","1","2736","富野","1726.00","-24235.00","-25309.00","27.00","-47791.00","289953.00","242162.00"
"115/10/02","115","1","2740","華軒","-5557.00","25.00","79097.00","--","73565.00","67900.00","141465.00"
"115/10/02","115","1","2743","山富","206201.00","-16566.00","-2615.00","--","187020.00","1106538.00","1293558.00"
"115/10/02","115","1","2745","五福","-14277.00","325073.00","-11650.00","--","299146.00","1331039.00","1630185.00"
"115/10/02","115","1","2751","王座","61469.00","-15670.00","-44229.00","43.00","1613.00","258291.00","259904.00"
"115/10/02","115","1","2752","豆府","168840.00","54587.00","-55764.00","59.00","167722.00","494853.00","662575.00"
"115/10/02","115","1","2754","亞洲藏壽司","219857.00","-79040.00","-125981.00","895.00","15731.00","621139.00","636870.00"
"115/10/02","115","1","2755","揚秦","-8843.00","-33189.00","-15415.00","1095.00","-56352.00","744503.00","688151.00"
"115/10/02","115","1","2756","聯發國際","-13573.00","-45258.00","-37681.00","1654.00","-94858.00","339754.00","244896.00"
"115/10/02","115","1","2916","滿心","203050.00","-29473.00","-107598.00","--","65979.00","199100.00","265079.00"
"115/10/02","115","1","2924","宏太-KY","-179257.00","-66.00","58814.00","90.00","-120419.00","251155.00","130736.00"
"115/10/02","115","1","2926","誠品生活","323013.00","-60969.00","-281187.00","11179.00","-7964.00","1307338.00","1299374.00"
"115/10/02","115","1","2937","集雅社","-16200.00","-181.00","-61980.00","--","-78361.00","234301.00","155940.00"
"115/10/02","115","1","2938","床的世界","24730.00","-5664.00","-24624.00","--","-5558.00","391788.00","386230.00"
"115/10/02","115","1","2941","米斯特","19240.00","-5088.00","-13007.00","--","1145.00","117433.00","118578.00"
"115/10/02","115","1","2947","振宇五金","49603.00","-15334.00","-47768.00","--","-13499.00","275429.00","261930.00"
"115/10/02","115","1","2948","寶陞","84281.00","20634.00","-85323.00","21093.00","40685.00","69156.00","109841.00"
"115/10/02","115","1","2949","欣新網","-50051.00","-4276.00","76979.00","0.00","22652.00","436130.00","458782.00"
"115/10/02","115","1","3064","泰偉","-1854.00","-394.00","-2354.00","70.00","-4532.00","32515.00","27983.00"
"115/10/02","115","1","3066","李洲","21561.00","19361.00","8950.00","441.00","50313.00","40876.00","91189.00"
"115/10/02","115","1","3067","全域","-4176.00","0.00","-712.00","0.00","-4888.00","57937.00","53049.00"
"115/10/02","115","1","3071","協禧","8201.00","-12737.00","-57188.00","69610.00","7886.00","1566335.00","1574221.00"
"115/10/02","115","1","3073","天方能源","11276.00","-112003.00","130743.00","186.00","30202.00","105641.00","135843.00"
"115/10/02","115","1","3078","僑威","160676.00","372765.00","157.00","99883.00","633481.00","3403584.00","4037065.00"
"115/10/02","115","1","3081","聯亞","282783.00","-220778.00","-2719.00","-215.00","59071.00","703343.00","762414.00"
"115/10/02","115","1","3083","網龍","-5468.00","-20084.00","-3073.00","8281.00","-20344.00","251885.00","231541.00"
"115/10/02","115","1","3085","新零售","3820.00","76699.00","-1782.00","--","78737.00","21224.00","99961.00"
"115/10/02","115","1","3086","華義*","12174.00","-28376.00","-1556.00","-226.00","-17984.00","153011.00","135027.00"
"115/10/02","115","1","3088","艾訊","124814.00","-18021.00","-1279.00","16978.00","122492.00","1627659.00","1750151.00"
"115/10/02","115","1","3093","港建*","39730.00","-598.00","-240.00","3034.00","41926.00","820179.00","862105.00"
"115/10/02","115","1","3095","及成","-15030.00","-3290.00","14770.00","3659.00","109.00","107469.00","107578.00"
"115/10/02","115","1","3105","穩懋","204397.00","-689023.00","-257003.00","-3818.00","-745447.00","7066909.00","6321462.00"
"115/10/02","115","1","3114","好德","93376.00","-551.00","-59349.00","14870.00","48346.00","909352.00","957698.00"
"115/10/02","115","1","3115","富榮綱","-31328.00","-83635.00","-1069.00","8197.00","-107835.00","558099.00","450264.00"
"115/10/02","115","1","3118","進階","13139.00","1113.00","-1330.00","--","12922.00","210338.00","223260.00"
"115/10/02","115","1","3122","笙泉","-3146.00","-1857.00","-686.00","963.00","-4726.00","58816.00","54090.00"
"115/10/02","115","1","3128","昇銳","58633.00","-32883.00","11322.00","2619.00","39691.00","49427.00","89118.00"
"115/10/02","115","1","3131","弘塑","750352.00","41502.00","-134304.00","5786.00","663336.00","2544629.00","3207965.00"
"115/10/02","115","1","3141","晶宏","99950.00","23694.00","-30337.00","4778.00","98085.00","760762.00","858847.00"
"115/10/02","115","1","3147","大綜","-582091.00","17602.00","565389.00","5301.00","6201.00","164190.00","170391.00"
"115/10/02","115","1","3152","璟德","128939.00","-361486.00","--","--","-232547.00","273967.00","41420.00"
"115/10/02","115","1","3158","嘉實","58761.00","-54113.00","-531.00","-5.00","4112.00","389961.00","394073.00"
"115/10/02","115","1","3162","精確","157604.00","-257134.00","389089.00","22850.00","312409.00","335208.00","647617.00"
"115/10/02","115","1","3163","波若威","-107042.00","73155.00","-11355.00","14289.00","-30953.00","629133.00","598180.00"
"115/10/02","115","1","3169","亞信","80840.00","-11002.00","-240.00","3124.00","72722.00","1422103.00","1494825.00"
"115/10/02","115","1","3171","炎洲流通","53774.00","-47853.00","-52648.00","8683.00","-38044.00","316147.00","278103.00"
"115/10/02","115","1","3176","基亞","-91959.00","-952461.00","784294.00","1790.00","-258336.00","1323598.00","1065262.00"
"115/10/02","115","1","3178","公準","11277.00","-10923.00","-7781.00","658.00","-6769.00","229331.00","222562.00"
"115/10/02","115","1","3188","鑫龍騰","882312.00","-470.00","-853409.00","--","28433.00","1165539.00","1193972.00"
"115/10/02","115","1","3191","雲嘉南","-7118.00","-26566.00","23270.00","751.00","-9663.00","43477.00","33814.00"
"115/10/02","115","1","3205","佰研","-67541.00","58325.00","21120.00","583.00","12487.00","151546.00","164033.00"
"115/10/02","115","1","3206","志豐","52126.00","-35518.00","-759.00","26946.00","42795.00","742485.00","785280.00"
"115/10/02","115","1","3207","耀勝","-13069.00","-924346.00","1023919.00","5130.00","91634.00","1465163.00","1556797.00"
"115/10/02","115","1","3211","順達","-42628.00","-2445868.00","2066072.00","125327.00","-297097.00","3437848.00","3140751.00"
"115/10/02","115","1","3213","茂訊","-149917.00","-183039.00","-10435.00","1599.00","-341792.00","1558801.00","1217009.00"
"115/10/02","115","1","3217","優群","313462.00","-70466.00","-1657.00","18146.00","259485.00","1928238.00","2187723.00"
"115/10/02","115","1","3218","大學光","537924.00","-125852.00","-133237.00","10425.00","289260.00","779239.00","1068499.00"
"115/10/02","115","1","3219","倚強科","-6756.00","-8251.00","156311.00","29676.00","170980.00","917181.00","1088161.00"
"115/10/02","115","1","3221","台嘉碩","10975.00","-33080.00","-14494.00","4499.00","-32100.00","626029.00","593929.00"
"115/10/02","115","1","3224","三顧","-11682.00","-207871.00","425713.00","8293.00","214453.00","1220787.00","1435240.00"
"115/10/02","115","1","3226","龍鋒","66094.00","-100335.00","-2524.00","8839.00","-27926.00","632239.00","604313.00"
"115/10/02","115","1","3227","原相","449090.00","-52606.00","-10900.00","24542.00","410126.00","6110743.00","6520869.00"
"115/10/02","115","1","3228","金麗科","3996.00","-22793.00","-62.00","--","-18859.00","95783.00","76924.00"
"115/10/02","115","1","3230","錦明","-46819.00","-63356.00","55797.00","5464.00","-48914.00","521887.00","472973.00"
"115/10/02","115","1","3232","昱捷","49551.00","-20559.00","-13205.00","882.00","16669.00","252760.00","269429.00"
"115/10/02","115","1","3234","光環","-29309.00","-33833.00","249110.00","-2283.00","183685.00","199282.00","382967.00"
"115/10/02","115","1","3236","千如","92741.00","-40372.00","-46326.00","-30609.00","-24566.00","678206.00","653640.00"
"115/10/02","115","1","3252","海灣","25723.00","-29332.00","15781.00","--","12172.00","81485.00","93657.00"
"115/10/02","115","1","3259","鑫創","-89387.00","99132.00","-28843.00","--","-19098.00","84663.00","65565.00"
"115/10/02","115","1","3260","威剛","-8276790.00","-1374611.00","10536063.00","415203.00","1299865.00","6007543.00","7307408.00"
"115/10/02","115","1","3264","欣銓","1671231.00","-1095672.00","-802823.00","21499.00","-205765.00","2208131.00","2002366.00"
"115/10/02","115","1","3265","台星科","365391.00","-436288.00","130858.00","2739.00","62700.00","2300147.00","2362847.00"
"115/10/02","115","1","3268","海德威","-1189.00","13920.00","-14561.00","443.00","-1387.00","80396.00","79009.00"
"115/10/02","115","1","3272","東碩","-44368.00","-15128.00","154778.00","25025.00","120307.00","472552.00","592859.00"
"115/10/02","115","1","3276","宇環","-2381.00","5023.00","3516.00","--","6158.00","208043.00","214201.00"
"115/10/02","115","1","3284","太普高","-111801.00","24265.00","169113.00","-4801.00","76776.00","578135.00","654911.00"
"115/10/02","115","1","3285","微端","112834.00","-32216.00","-4093.00","3438.00","79963.00","468160.00","548123.00"
"115/10/02","115","1","3287","廣寰科","15366.00","-3899.00","-2022.00","-1700.00","7745.00","166456.00","174201.00"
"115/10/02","115","1","3288","點晶","-670.00","9.00","3901.00","44.00","3284.00","4563.00","7847.00"
"115/10/02","115","1","3289","宜特","317765.00","-83261.00","-361716.00","4425.00","-122787.00","739154.00","616367.00"
"115/10/02","115","1","3290","東浦","219537.00","-396580.00","247414.00","30977.00","101348.00","1135924.00","1237272.00"
"115/10/02","115","1","3293","鈊象","3703543.00","-3032696.00","-963.00","-322.00","669562.00","1114804.00","1784366.00"
"115/10/02","115","1","3294","英濟","165937.00","109428.00","-9530.00","25296.00","291131.00","997878.00","1289009.00"
"115/10/02","115","1","3297","杭特","-26883.00","234.00","15000.00","934.00","-10715.00","83969.00","73254.00"
"115/10/02","115","1","3303","岱稜","46380.00","-135556.00","-49757.00","12781.00","-126152.00","963831.00","837679.00"
"115/10/02","115","1","3306","鼎天","-42112.00","99876.00","-2570.00","0.00","55194.00","137295.00","192489.00"
"115/10/02","115","1","3310","佳穎","53298.00","32703.00","44441.00","7173.00","137615.00","458929.00","596544.00"
"115/10/02","115","1","3313","斐成","-18613.00","65690.00","-29455.00","177.00","17799.00","498396.00","516195.00"
"115/10/02","115","1","3317","尼克森","127812.00","-1273.00","-1216.00","3273.00","128596.00","1822260.00","1950856.00"
"115/10/02","115","1","3322","建舜電","-40007.00","-52359.00","279546.00","18679.00","205859.00","224676.00","430535.00"
"115/10/02","115","1","3323","加百裕","97109.00","26032.00","107155.00","-3216.00","227080.00","1220106.00","1447186.00"
"115/10/02","115","1","3324","雙鴻","608951.00","-1186278.00","4539818.00","13623.00","3976114.00","1438936.00","5415050.00"
"115/10/02","115","1","3325","旭品","9410.00","-13959.00","41671.00","-7072.00","30050.00","308811.00","338861.00"
"115/10/02","115","1","3332","幸康","37277.00","-49589.00","-14826.00","13422.00","-13716.00","882685.00","868969.00"
"115/10/02","115","1","3339","泰谷","-40058.00","-57234.00","110862.00","--","13570.00","213745.00","227315.00"
"115/10/02","115","1","3349","寶德","-11090.00","1707.00","-3079.00","-2063.00","-14525.00","208396.00","193871.00"
"115/10/02","115","1","3354","律勝","-8442.00","-3052.00","-840.00","-68.00","-12402.00","99298.00","86896.00"
"115/10/02","115","1","3357","臺慶科","242672.00","-158643.00","154617.00","103826.00","342472.00","2257597.00","2600069.00"
"115/10/02","115","1","3360","尚立","-299505.00","-224302.00","788979.00","2969.00","268141.00","403479.00","671620.00"
"115/10/02","115","1","3362","先進光","-2698.00","-224634.00","149127.00","54711.00","-23494.00","939344.00","915850.00"
"115/10/02","115","1","3363","上詮","-56490.00","-66789.00","3079826.00","2849.00","2959396.00","1411972.00","4371368.00"
"115/10/02","115","1","3372","典範","-4980.00","-22594.00","-521.00","--","-28095.00","286724.00","258629.00"
"115/10/02","115","1","3373","熱映","-35749.00","-869.00","--","1601.00","-35017.00","134745.00","99728.00"
"115/10/02","115","1","3374","精材","960725.00","-887418.00","1747735.00","--","1821042.00","4354085.00","6175127.00"
"115/10/02","115","1","3379","彬台","-80117.00","-661.00","-1348.00","1692.00","-80434.00","263633.00","183199.00"
"115/10/02","115","1","3388","崇越電","-14105.00","-505686.00","416604.00","93141.00","-10046.00","2869771.00","2859725.00"
"115/10/02","115","1","3390","旭軟","7909.00","-86887.00","104529.00","12012.00","37563.00","438267.00","475830.00"
"115/10/02","115","1","3402","漢科","-294187.00","-51170.00","306877.00","12676.00","-25804.00","2436719.00","2410915.00"
"115/10/02","115","1","3430","奇鈦科","34276.00","-149850.00","147237.00","980.00","32643.00","321473.00","354116.00"
"115/10/02","115","1","3434","哲固","37767.00","-3262.00","-14143.00","-11.00","20351.00","90193.00","110544.00"
"115/10/02","115","1","3438","類比科","10404.00","59378.00","-96.00","--","69686.00","651380.00","721066.00"
"115/10/02","115","1","3441","聯一光電","8894.00","4205.00","-3963.00","7001.00","16137.00","581357.00","597494.00"
"115/10/02","115","1","3444","利機","-14930.00","-5864.00","-1296.00","1136.00","-20954.00","509696.00","488742.00"
"115/10/02","115","1","3455","由田","-106108.00","-2936.00","-56288.00","2178.00","-163154.00","705682.00","542528.00"
"115/10/02","115","1","3465","進泰電子","-183348.00","-45272.00","209128.00","14647.00","-4845.00","192791.00","187946.00"
"115/10/02","115","1","3466","德晉","-81508.00","281829.00","-5202.00","1150.00","196269.00","851661.00","1047930.00"
"115/10/02","115","1","3467","台灣精材","-343.00","-35156.00","11162.00","--","-24337.00","207027.00","182690.00"
"115/10/02","115","1","3479","安勤","-236955.00","-490020.00","459710.00","24555.00","-242710.00","1467978.00","1225268.00"
"115/10/02","115","1","3483","力致","382346.00","-76897.00","74502.00","78708.00","458659.00","1613151.00","2071810.00"
"115/10/02","115","1","3484","崧騰","-8755.00","2945.00","-10714.00","47562.00","31038.00","1434284.00","1465322.00"
"115/10/02","115","1","3485","敘豐","20693.00","-14.00","-462.00","14151.00","34368.00","952183.00","986551.00"
"115/10/02","115","1","3489","森寶","-93181.00","13.00","200075.00","--","106907.00","312661.00","419568.00"
"115/10/02","115","1","3490","單井","-3111.00","-72758.00","7575.00","2098.00","-66196.00","166716.00","100520.00"
"115/10/02","115","1","3491","昇達科","182167.00","-240331.00","64958.00","30576.00","37370.00","1276105.00","1313475.00"
"115/10/02","115","1","3492","長盛","361.00","37821.00","-5111.00","1177.00","34248.00","262885.00","297133.00"
"115/10/02","115","1","3498","陽程","421388.00","13890.00","-30686.00","6366.00","410958.00","932758.00","1343716.00"
"115/10/02","115","1","3499","環天科","-40708.00","-11517.00","7214.00","2866.00","-42145.00","199978.00","157833.00"
"115/10/02","115","1","3508","位速","-41618.00","-2004.00","94325.00","125.00","50828.00","372283.00","423111.00"
"115/10/02","115","1","3511","矽瑪","14949.00","-17947.00","22854.00","1089.00","20945.00","298189.00","319134.00"
"115/10/02","115","1","3512","皇龍","-445255.00","5966.00","257852.00","--","-181437.00","940865.00","759428.00"
"115/10/02","115","1","3516","亞帝歐","90949.00","-209049.00","29156.00","8439.00","-80505.00","280392.00","199887.00"
"115/10/02","115","1","3520","華盈","10889.00","-7156.00","-23124.00","7931.00","-11460.00","215896.00","204436.00"
"115/10/02","115","1","3521","台鋼建設","24484.00","462991.00","-277947.00","0.00","209528.00","743370.00","952898.00"
"115/10/02","115","1","3522","御嵿","69749.00","-27029.00","225944.00","-7.00","268657.00","183770.00","452427.00"
"115/10/02","115","1","3523","迎輝","-13698.00","-2923.00","18935.00","--","2314.00","52883.00","55197.00"
"115/10/02","115","1","3526","凡甲","239003.00","-645893.00","-1500.00","60180.00","-348210.00","2858025.00","2509815.00"
"115/10/02","115","1","3527","聚積","-30990.00","-35416.00","-6532.00","4928.00","-68010.00","1211873.00","1143863.00"
"115/10/02","115","1","3529","力旺","695802.00","-102640.00","-161.00","1716.00","594717.00","3532058.00","4126775.00"
"115/10/02","115","1","3531","先益","11564.00","94046.00","-8178.00","15961.00","113393.00","1121572.00","1234965.00"
"115/10/02","115","1","3537","堡達","230140.00","-12.00","-131723.00","4791.00","103196.00","377192.00","480388.00"
"115/10/02","115","1","3540","曜越","-144256.00","-14555.00","142547.00","32689.00","16425.00","738964.00","755389.00"
"115/10/02","115","1","3541","西柏","-35626.00","-3570.00","-4917.00","80.00","-44033.00","1102752.00","1058719.00"
"115/10/02","115","1","3546","宇峻","107579.00","-13333.00","-8842.00","895.00","86299.00","531361.00","617660.00"
"115/10/02","115","1","3548","兆利","-4448.00","-568061.00","-12486.00","98181.00","-486814.00","4209246.00","3722432.00"
"115/10/02","115","1","3551","世禾","21257.00","-45737.00","-969.00","16635.00","-8814.00","909414.00","900600.00"
"115/10/02","115","1","3552","同致","-77726.00","-60869.00","28633.00","-24094.00","-134056.00","2204823.00","2070767.00"
"115/10/02","115","1","3555","博士旺","48491.00","-13853.00","-1423.00","44.00","33259.00","135098.00","168357.00"
"115/10/02","115","1","3556","禾瑞亞","101489.00","-6239.00","-4359.00","414.00","91305.00","698143.00","789448.00"
"115/10/02","115","1","3558","神準","-168419.00","-132956.00","-360589.00","1624.00","-660340.00","3673172.00","3012832.00"
"115/10/02","115","1","3564","其陽","-6465.00","-44546.00","69581.00","9134.00","27704.00","419804.00","447508.00"
"115/10/02","115","1","3567","逸昌","24062.00","-19543.00","-305.00","0.00","4214.00","140153.00","144367.00"
"115/10/02","115","1","3570","大塚","112354.00","-62795.00","-3627.00","5658.00","51590.00","709548.00","761138.00"
"115/10/02","115","1","3577","泓格","64482.00","-11154.00","19677.00","2066.00","75071.00","172605.00","247676.00"
"115/10/02","115","1","3580","友威科","10065.00","-72902.00","49721.00","4651.00","-8465.00","511483.00","503018.00"
"115/10/02","115","1","3581","博磊","102543.00","-6648.00","56320.00","5042.00","157257.00","612275.00","769532.00"
"115/10/02","115","1","3587","閎康","509189.00","-269859.00","364612.00","88888.00","692830.00","2546466.00","3239296.00"
"115/10/02","115","1","3594","磐儀","-126927.00","-39984.00","145489.00","2394.00","-19028.00","499914.00","480886.00"
"115/10/02","115","1","3597","映興","42643.00","-5862.00","-18209.00","8150.00","26722.00","224172.00","250894.00"
"115/10/02","115","1","3609","三一東林","-36648.00","3190.00","6019.00","1055.00","-26384.00","171502.00","145118.00"
"115/10/02","115","1","3611","鼎翰","30467.00","-114250.00","-9597.00","-16260.00","-109640.00","1543385.00","1433745.00"
"115/10/02","115","1","3615","安可","3653.00","-3062.00","16006.00","1749.00","18346.00","590412.00","608758.00"
"115/10/02","115","1","3623","富晶通","-6639.00","95895.00","-2377.00","--","86879.00","54283.00","141162.00"
"115/10/02","115","1","3624","光頡","112820.00","-151825.00","-8785.00","-4439.00","-52229.00","637438.00","585209.00"
"115/10/02","115","1","3625","西勝","-29636.00","19854.00","-44996.00","6646.00","-48132.00","221917.00","173785.00"
"115/10/02","115","1","3628","盈正","-97310.00","7840.00","77837.00","13248.00","1615.00","344519.00","346134.00"
"115/10/02","115","1","3629","地心引力","8430.00","2046.00","-493.00","433.00","10416.00","31470.00","41886.00"
"115/10/02","115","1","3630","新鉅科","-75208.00","-128466.00","394684.00","-6400.00","184610.00","1191369.00","1375979.00"
"115/10/02","115","1","3631","晟楠","-10137.00","-163092.00","-15596.00","8092.00","-180733.00","350024.00","169291.00"
"115/10/02","115","1","3632","研勤","-5767.00","776.00","345.00","14.00","-4632.00","23850.00","19218.00"
"115/10/02","115","1","3646","艾恩特","-31886.00","-6290.00","-28859.00","13716.00","-53319.00","268621.00","215302.00"
"115/10/02","115","1","3663","鑫科","195159.00","3077.00","-330258.00","40243.00","-91779.00","381671.00","289892.00"
"115/10/02","115","1","3664","安瑞-KY","41028.00","-719.00","68089.00","-3835.00","104563.00","26167.00","130730.00"
"115/10/02","115","1","3666","光耀","-35356.00","-16285.00","308355.00","-1762.00","254952.00","1291627.00","1546579.00"
"115/10/02","115","1","3672","康聯訊","-6513.00","-12505.00","21.00","-623.00","-19620.00","146225.00","126605.00"
"115/10/02","115","1","3675","德微","86598.00","-62445.00","1469.00","2225.00","27847.00","665979.00","693826.00"
"115/10/02","115","1","3680","家登","356817.00","237306.00","12285.00","14173.00","620581.00","5109109.00","5729690.00"
"115/10/02","115","1","3684","榮昌","-48171.00","-4843.00","-16713.00","3601.00","-66126.00","373519.00","307393.00"
"115/10/02","115","1","3685","元創精密","34610.00","-45866.00","38834.00","9208.00","36786.00","367261.00","404047.00"
"115/10/02","115","1","3687","歐買尬","58791.00","-136652.00","-250586.00","246.00","-328201.00","1622656.00","1294455.00"
"115/10/02","115","1","3689","湧德","260019.00","-225137.00","181640.00","62227.00","278749.00","1356264.00","1635013.00"
"115/10/02","115","1","3691","碩禾","-218271.00","-178779.00","208817.00","343.00","-187890.00","1390962.00","1203072.00"
"115/10/02","115","1","3693","營邦","-424540.00","-259112.00","-17701.00","12674.00","-688679.00","2551974.00","1863295.00"
"115/10/02","115","1","3707","漢磊","223451.00","-290055.00","243738.00","249.00","177383.00","4005711.00","4183094.00"
"115/10/02","115","1","3709","鑫聯大投控","-1318955.00","-2381.00","2158818.00","84783.00","922265.00","1630357.00","2552622.00"
"115/10/02","115","1","3710","連展投控","-55395.00","-132097.00","141791.00","56507.00","10806.00","701836.00","712642.00"
"115/10/02","115","1","3713","新晶投控","72596.00","1204.00","-57948.00","--","15852.00","96835.00","112687.00"
"115/10/02","115","1","4102","永日","26885.00","-6973.00","-10576.00","685.00","10021.00","95041.00","105062.00"
"115/10/02","115","1","4105","東洋","654159.00","-203329.00","-202304.00","28281.00","276807.00","2520849.00","2797656.00"
"115/10/02","115","1","4107","邦特","252399.00","-157530.00","-66970.00","1140.00","29039.00","1160650.00","1189689.00"
"115/10/02","115","1","4109","加捷生醫","12955.00","-75269.00","19355.00","77.00","-42882.00","296467.00","253585.00"
"115/10/02","115","1","4111","濟生","3693.00","-24982.00","-3415.00","--","-24704.00","443906.00","419202.00"
"115/10/02","115","1","4113","聯上","-378841.00","249341.00","141849.00","--","12349.00","161731.00","174080.00"
"115/10/02","115","1","4114","健喬","269514.00","-418631.00","-94925.00","2235.00","-241807.00","1891241.00","1649434.00"
"115/10/02","115","1","4116","明基醫","29955.00","-187730.00","91782.00","3583.00","-62410.00","949326.00","886916.00"
"115/10/02","115","1","4120","友華","15814.00","-321092.00","79876.00","22644.00","-202758.00","1949707.00","1746949.00"
"115/10/02","115","1","4121","優盛","40243.00","-62254.00","-72316.00","4319.00","-90008.00","613701.00","523693.00"
"115/10/02","115","1","4123","晟德","120811.00","2807917.00","269429.00","328.00","3198485.00","237562.00","3436047.00"
"115/10/02","115","1","4126","太醫","78441.00","-195681.00","-3107.00","1857.00","-118490.00","825786.00","707296.00"
"115/10/02","115","1","4127","天良","20241.00","30783.00","-2406.00","--","48618.00","122311.00","170929.00"
"115/10/02","115","1","4128","中天","233220.00","33688.00","-45184.00","-36453.00","185271.00","711133.00","896404.00"
"115/10/02","115","1","4129","聯合","138909.00","-199300.00","36885.00","3472.00","-20034.00","662809.00","642775.00"
"115/10/02","115","1","4131","浩泰","-27083.00","-42475.00","19855.00","--","-49703.00","114506.00","64803.00"
"115/10/02","115","1","4138","曜亞","-29718.00","18988.00","-23586.00","968.00","-33348.00","722734.00","689386.00"
"115/10/02","115","1","4139","馬光-KY","16822.00","3350.00","-61168.00","4576.00","-36420.00","126189.00","89769.00"
"115/10/02","115","1","4147","中裕","-45009.00","-6539.00","-86291.00","3177.00","-134662.00","898380.00","763718.00"
"115/10/02","115","1","4153","鈺緯","-16937.00","-1250.00","-822.00","615.00","-18394.00","494033.00","475639.00"
"115/10/02","115","1","4154","樂威科-KY","10604.00","-47813.00","34410.00","255.00","-2544.00","46615.00","44071.00"
"115/10/02","115","1","4157","太景*-KY","111043.00","-100173.00","-36490.00","1533.00","-24087.00","145087.00","121000.00"
"115/10/02","115","1","4160","訊聯基因","17182.00","-7449.00","17470.00","215.00","27418.00","65674.00","93092.00"
"115/10/02","115","1","4161","聿新科","-79516.00","-1579.00","-6499.00","-13.00","-87607.00","399304.00","311697.00"
"115/10/02","115","1","4162","智擎","260587.00","-515673.00","-2166.00","--","-257252.00","1583525.00","1326273.00"
"115/10/02","115","1","4163","鐿鈦","126550.00","-9945.00","-116064.00","1618.00","2159.00","990825.00","992984.00"
"115/10/02","115","1","4166","友霖","74364.00","4.00","-4026.00","-1050.00","69292.00","587598.00","656890.00"
"115/10/02","115","1","4167","松瑞藥","-299439.00","38894.00","287152.00","--","26607.00","823402.00","850009.00"
"115/10/02","115","1","4168","醣聯","-79079.00","9595.00","0.00","--","-69484.00","467666.00","398182.00"
"115/10/02","115","1","4171","瑞基","-2176.00","-11043.00","-2778.00","1058.00","-14939.00","155071.00","140132.00"
"115/10/02","115","1","4173","久裕","255745.00","3183.00","-566532.00","--","-307604.00","711163.00","403559.00"
"115/10/02","115","1","4174","浩鼎","-351641.00","12216.00","-27954.00","3364.00","-364015.00","759330.00","395315.00"
"115/10/02","115","1","4175","杏一","45381.00","-63855.00","-13472.00","754.00","-31192.00","406872.00","375680.00"
"115/10/02","115","1","4183","福永生技","-22132.00","-4379.00","-1422.00","219.00","-27714.00","123078.00","95364.00"
"115/10/02","115","1","4188","安克","-14815.00","963.00","-1171.00","--","-15023.00","24602.00","9579.00"
"115/10/02","115","1","4192","杏國","-5710.00","-88.00","-2416.00","-5.00","-8219.00","157334.00","149115.00"
"115/10/02","115","1","4198","欣大健康","-20436.00","820.00","-4520.00","-242.00","-24378.00","106846.00","82468.00"
"115/10/02","115","1","4205","中華食","76166.00","-10465.00","-1200.00","--","64501.00","1162677.00","1227178.00"
"115/10/02","115","1","4207","環泰","90306.00","31859.00","287916.00","-4831.00","405250.00","513078.00","918328.00"
"115/10/02","115","1","4303","信立","-48508.00","-437255.00","171688.00","249.00","-313826.00","452884.00","139058.00"
"115/10/02","115","1","4304","勝昱","-42208.00","-5212.00","-10316.00","-263.00","-57999.00","125966.00","67967.00"
"115/10/02","115","1","4305","世坤","41554.00","-101793.00","-20272.00","--","-80511.00","195455.00","114944.00"
"115/10/02","115","1","4401","東隆興","150289.00","-190047.00","71597.00","5280.00","37119.00","732764.00","769883.00"
"115/10/02","115","1","4402","郡都開發","680.00","-47668.00","-64.00","--","-47052.00","259283.00","212231.00"
"115/10/02","115","1","4406","新昕纖","27270.00","58227.00","-63657.00","--","21840.00","102485.00","124325.00"
"115/10/02","115","1","4413","飛寶企業","9035.00","-296.00","-647.00","132.00","8224.00","142379.00","150603.00"
"115/10/02","115","1","4416","三圓","60690.00","315693.00","-276059.00","--","100324.00","4149.00","104473.00"
"115/10/02","115","1","4417","金洲","27126.00","-69429.00","-88606.00","68383.00","-62526.00","1119186.00","1056660.00"
"115/10/02","115","1","4419","皇家美食","8580.00","1758.00","15559.00","--","25897.00","237098.00","262995.00"
"115/10/02","115","1","4420","光明","66199.00","0.00","14304.00","--","80503.00","93292.00","173795.00"
"115/10/02","115","1","4430","耀億","-6918.00","-48510.00","21746.00","5075.00","-28607.00","358692.00","330085.00"
"115/10/02","115","1","4432","銘旺實","84516.00","71358.00","-2038.00","-1423.00","152413.00","554147.00","706560.00"
"115/10/02","115","1","4433","興采","395315.00","122334.00","-423596.00","1890.00","95943.00","1041874.00","1137817.00"
"115/10/02","115","1","4442","竣邦-KY","-28620.00","-190.00","4020.00","6268.00","-18522.00","671326.00","652804.00"
"115/10/02","115","1","4502","健信","-108892.00","-3489.00","67694.00","3018.00","-41669.00","159824.00","118155.00"
"115/10/02","115","1","4503","金雨","1216.00","-39054.00","-7543.00","265.00","-45116.00","870449.00","825333.00"
"115/10/02","115","1","4506","崇友","161217.00","-56438.00","-2356.00","8372.00","110795.00","3368373.00","3479168.00"
"115/10/02","115","1","4510","高鋒","-123905.00","140716.00","39325.00","-29.00","56107.00","387697.00","443804.00"
"115/10/02","115","1","4513","福裕","192513.00","15531.00","-114565.00","12873.00","106352.00","141325.00","247677.00"
"115/10/02","115","1","4523","永彰","-136872.00","-129375.00","58865.00","996.00","-206386.00","867022.00","660636.00"
"115/10/02","115","1","4527","方方土霖","328234.00","-20215.00","-95882.00","3324.00","215461.00","935069.00","1150530.00"
"115/10/02","115","1","4528","江興鍛","63841.00","-96091.00","-34767.00","14953.00","-52064.00","621714.00","569650.00"
"115/10/02","115","1","4529","淳紳","2647.00","-174183.00","173318.00","214.00","1996.00","14166.00","16162.00"
"115/10/02","115","1","4530","天意能創","-28271.00","79084.00","20627.00","--","71440.00","381027.00","452467.00"
"115/10/02","115","1","4533","協易機","-135807.00","-180392.00","-310660.00","33436.00","-593423.00","2190557.00","1597134.00"
"115/10/02","115","1","4534","慶騰","-1916.00","-11686.00","3707.00","8879.00","-1016.00","404676.00","403660.00"
"115/10/02","115","1","4535","至興","63949.00","-28630.00","5528.00","5287.00","46134.00","1160993.00","1207127.00"
"115/10/02","115","1","4538","大詠城","38818.00","-26096.00","0.00","111.00","12833.00","27088.00","39921.00"
"115/10/02","115","1","4541","晟田","83763.00","-82158.00","-52743.00","--","-51138.00","505018.00","453880.00"
"115/10/02","115","1","4542","科嶠","-40835.00","-572.00","38253.00","7985.00","4831.00","446876.00","451707.00"
"115/10/02","115","1","4543","萬在","708.00","-12464.00","47460.00","-2518.00","33186.00","503559.00","536745.00"
"115/10/02","115","1","4549","桓達","41766.00","-89705.00","16354.00","5884.00","-25701.00","840267.00","814566.00"
"115/10/02","115","1","4550","長佳","40348.00","-50898.00","9503.00","448.00","-599.00","455203.00","454604.00"
"115/10/02","115","1","4554","橙的","20447.00","-613.00","15617.00","-2843.00","32608.00","363866.00","396474.00"
"115/10/02","115","1","4556","旭然","30445.00","-19972.00","-11046.00","10421.00","9848.00","281540.00","291388.00"
"115/10/02","115","1","4558","寶緯","73013.00","-151360.00","217371.00","--","139024.00","361748.00","500772.00"
"115/10/02","115","1","4561","健椿","71093.00","-2399.00","-65304.00","--","3390.00","606705.00","610095.00"
"115/10/02","115","1","4563","百德","-44512.00","-25222.00","-36706.00","11703.00","-94737.00","923588.00","828851.00"
"115/10/02","115","1","4568","科際精密","55230.00","-33102.00","8842.00","27045.00","58015.00","494586.00","552601.00"
"115/10/02","115","1","4577","達航科技","59907.00","-30726.00","-14238.00","3312.00","18255.00","156256.00","174511.00"
"115/10/02","115","1","4580","捷流閥業","79570.00","-52507.00","-1346.00","19211.00","44928.00","1160138.00","1205066.00"
"115/10/02","115","1","4584","君帆","23100.00","-41057.00","28761.00","14476.00","25280.00","330409.00","355689.00"
"115/10/02","115","1","4609","唐鋒","25966.00","-641.00","-295.00","2156.00","27186.00","230604.00","257790.00"
"115/10/02","115","1","4702","中美實","-17391.00","90617.00","25126.00","0.00","98352.00","395563.00","493915.00"
"115/10/02","115","1","4706","大恭","22960.00","-1225.00","0.00","9580.00","31315.00","171979.00","203294.00"
"115/10/02","115","1","4707","磐亞","16356.00","16500.00","-58204.00","--","-25348.00","500492.00","475144.00"
"115/10/02","115","1","4711","永純","21713.00","-546.00","-30598.00","--","-9431.00","393692.00","384261.00"
"115/10/02","115","1","4714","永捷","106631.00","-221467.00","38514.00","609.00","-75713.00","1002727.00","927014.00"
"115/10/02","115","1","4716","大立","-4360.00","-5419.00","14026.00","20.00","4267.00","347917.00","352184.00"
"115/10/02","115","1","4721","美琪瑪","-14686.00","-92730.00","133355.00","7006.00","32945.00","456888.00","489833.00"
"115/10/02","115","1","4726","永昕","-26021.00","-93193.00","110882.00","104.00","-8228.00","224545.00","216317.00"
"115/10/02","115","1","4728","雙美","269012.00","167435.00","-7311.00","6769.00","435905.00","711589.00","1147494.00"
"115/10/02","115","1","4729","熒茂","52782.00","-46873.00","-15506.00","17131.00","7534.00","336996.00","344530.00"
"115/10/02","115","1","4735","豪展","-12132.00","-86627.00","89310.00","-3880.00","-13329.00","267160.00","253831.00"
"115/10/02","115","1","4741","泓瀚","5963.00","-2764.00","-16036.00","-164.00","-13001.00","260753.00","247752.00"
"115/10/02","115","1","4743","合一","-36997.00","1691538.00","-8354.00","48.00","1646235.00","1658729.00","3304964.00"
"115/10/02","115","1","4744","皇將","69125.00","-62116.00","-6628.00","-8480.00","-8099.00","555675.00","547576.00"
"115/10/02","115","1","4745","合富-KY","-342748.00","-72765.00","210120.00","20432.00","-184961.00","943495.00","758534.00"
"115/10/02","115","1","4747","強生*","-20717.00","-921734.00","919840.00","--","-22611.00","1049530.00","1026919.00"
"115/10/02","115","1","4749","新應材","219421.00","-288334.00","-5527.00","2598.00","-71842.00","964728.00","892886.00"
"115/10/02","115","1","4754","國碳科","-2736.00","-59365.00","46306.00","703.00","-15092.00","65610.00","50518.00"
"115/10/02","115","1","4760","勤凱科技","-421534.00","-22287.00","490093.00","54.00","46326.00","128739.00","175065.00"
"115/10/02","115","1","4767","誠泰科技","29639.00","20177.00","16918.00","8206.00","74940.00","325194.00","400134.00"
"115/10/02","115","1","4768","晶呈科技","125839.00","-114339.00","306053.00","4124.00","321677.00","548749.00","870426.00"
"115/10/02","115","1","4772","台特化","373699.00","-133083.00","-13347.00","16958.00","244227.00","2011736.00","2255963.00"
"115/10/02","115","1","4804","大略-KY","-1254.00","-57877.00","35011.00","0.00","-24120.00","24313.00","193.00"
"115/10/02","115","1","4806","桂田文創","-96924.00","-246985.00","-25669.00","0.00","-369578.00","515959.00","146381.00"
"115/10/02","115","1","4903","聯光通","-35172.00","-130.00","-32971.00","--","-68273.00","263862.00","195589.00"
"115/10/02","115","1","4905","台聯電","42247.00","-95532.00","17017.00","2771.00","-33497.00","256142.00","222645.00"
"115/10/02","115","1","4907","富宇","724436.00","16.00","-595145.00","--","129307.00","159119.00","288426.00"
"115/10/02","115","1","4908","前鼎","34735.00","296738.00","-65.00","--","331408.00","56747.00","388155.00"
"115/10/02","115","1","4909","新復興","-48702.00","-1527.00","--","11622.00","-38607.00","1158755.00","1120148.00"
"115/10/02","115","1","4911","德英","-6543.00","-11844.00","-223.00","--","-18610.00","78413.00","59803.00"
"115/10/02","115","1","4923","力士","-41716.00","595.00","38188.00","1767.00","-1166.00","175085.00","173919.00"
"115/10/02","115","1","4924","欣厚-KY","11434.00","-12344.00","-9026.00","1353.00","-8583.00","41863.00","33280.00"
"115/10/02","115","1","4931","新盛力","-27556.00","-39050.00","-1224.00","1480.00","-66350.00","668423.00","602073.00"
"115/10/02","115","1","4933","友輝","171800.00","-131642.00","-379.00","4689.00","44468.00","1503613.00","1548081.00"
"115/10/02","115","1","4939","亞電","-71958.00","-31305.00","-55526.00","31505.00","-127284.00","535895.00","408611.00"
"115/10/02","115","1","4946","辣椒","-22732.00","16757.00","84543.00","--","78568.00","78799.00","157367.00"
"115/10/02","115","1","4950","金耘國際","-25956.00","-16274.00","54320.00","855.00","12945.00","113120.00","126065.00"
"115/10/02","115","1","4951","精拓科","68016.00","-121261.00","-830.00","--","-54075.00","326035.00","271960.00"
"115/10/02","115","1","4953","緯致","-533521.00","-16806.00","48368.00","32660.00","-469299.00","1744053.00","1274754.00"
"115/10/02","115","1","4966","譜瑞-KY","538702.00","-45909.00","-540866.00","108913.00","60840.00","10899523.00","10960363.00"
"115/10/02","115","1","4971","IET-KY","30514.00","-74375.00","25299.00","3103.00","-15459.00","84456.00","68997.00"
"115/10/02","115","1","4972","湯石照明","-17315.00","8593.00","26523.00","13252.00","31053.00","371852.00","402905.00"
"115/10/02","115","1","4973","廣穎電通","-238953.00","-6372.00","484703.00","3343.00","242721.00","262261.00","504982.00"
"115/10/02","115","1","4974","亞泰","249193.00","-2022.00","-4163.00","70061.00","313069.00","2882850.00","3195919.00"
"115/10/02","115","1","4979","華星光","295958.00","-498983.00","-42.00","--","-203067.00","2543737.00","2340670.00"
"115/10/02","115","1","4991","環宇-KY","168507.00","-402353.00","797595.00","34657.00","598406.00","1210366.00","1808772.00"
"115/10/02","115","1","4995","晶達","30649.00","-1082.00","21277.00","-785.00","50059.00","248734.00","298793.00"
"115/10/02","115","1","5009","榮剛","774796.00","-400339.00","-706052.00","50578.00","-281017.00","1827207.00","1546190.00"
"115/10/02","115","1","5011","久陽","105443.00","-435162.00","194131.00","--","-135588.00","550782.00","415194.00"
"115/10/02","115","1","5013","強新","153102.00","-64321.00","-31025.00","74516.00","132272.00","785738.00","918010.00"
"115/10/02","115","1","5014","建錩","85181.00","-162734.00","-150507.00","112202.00","-115858.00","531442.00","415584.00"
"115/10/02","115","1","5015","華祺","10438.00","368.00","-14628.00","-10841.00","-14663.00","1136288.00","1121625.00"
"115/10/02","115","1","5016","松和","20129.00","-6626.00","-62475.00","1756.00","-47216.00","359185.00","311969.00"
"115/10/02","115","1","5201","凱衛","-28317.00","-6024.00","-3917.00","--","-38258.00","229005.00","190747.00"
"115/10/02","115","1","5202","力新","-18737.00","-33024.00","-2985.00","1481.00","-53265.00","164327.00","111062.00"
"115/10/02","115","1","5205","中茂","-14356.00","30.00","972.00","0.00","-13354.00","50360.00","37006.00"
"115/10/02","115","1","5206","坤悅","431022.00","379800.00","-756579.00","--","54243.00","904189.00","958432.00"
"115/10/02","115","1","5209","新鼎","-536378.00","14096.00","-15470.00","623.00","-537129.00","1133799.00","596670.00"
"115/10/02","115","1","5210","寶碩","31622.00","-13980.00","21156.00","786.00","39584.00","350409.00","389993.00"
"115/10/02","115","1","5211","蒙恬","-12674.00","11728.00","-430.00","1397.00","21.00","48818.00","48839.00"
"115/10/02","115","1","5212","凌網","-16682.00","1267.00","-4758.00","120.00","-20053.00","502149.00","482096.00"
"115/10/02","115","1","5213","亞昕","2534262.00","-100137.00","-1942644.00","2711.00","494192.00","1163316.00","1657508.00"
"115/10/02","115","1","5220","萬達光電","-11523.00","-694.00","-7622.00","103.00","-19736.00","260400.00","240664.00"
"115/10/02","115","1","5223","安力-KY","-8169.00","20978.00","14398.00","32685.00","59892.00","385049.00","444941.00"
"115/10/02","115","1","5227","立凱-KY","-51025.00","34633.00","-4818.00","663.00","-20547.00","151724.00","131177.00"
"115/10/02","115","1","5228","鈺鎧","25276.00","-9180.00","-4066.00","--","12030.00","52256.00","64286.00"
"115/10/02","115","1","5230","雷笛克光學","37515.00","-14191.00","12634.00","11520.00","47478.00","285118.00","332596.00"
"115/10/02","115","1","5245","智晶","-27502.00","-4533.00","34974.00","2090.00","5029.00","225919.00","230948.00"
"115/10/02","115","1","5251","天鉞電","-13256.00","-59923.00","-1226.00","2617.00","-71788.00","203671.00","131883.00"
"115/10/02","115","1","5263","智崴","137360.00","-387672.00","129344.00","7379.00","-113589.00","851758.00","738169.00"
"115/10/02","115","1","5272","笙科","-47748.00","19365.00","46251.00","562.00","18430.00","53783.00","72213.00"
"115/10/02","115","1","5274","信驊","1642817.00","-267310.00","-6049.00","12553.00","1382011.00","5788290.00","7170301.00"
"115/10/02","115","1","5276","達輝-KY","11073.00","-2063.00","-1716.00","8854.00","16148.00","166412.00","182560.00"
"115/10/02","115","1","5278","尚凡*","90332.00","3160189.00","-58375.00","163291.00","3355437.00","3462908.00","6818345.00"
"115/10/02","115","1","5287","數字","245101.00","-200245.00","44309.00","8131.00","97296.00","1327731.00","1425027.00"
"115/10/02","115","1","5289","宜鼎","-124409.00","-158802.00","1334726.00","32420.00","1083935.00","1645410.00","2729345.00"
"115/10/02","115","1","5291","邑昇","-60097.00","-32779.00","43267.00","322.00","-49287.00","167173.00","117886.00"
"115/10/02","115","1","5299","杰力","47366.00","10014.00","-1621.00","889.00","56648.00","216929.00","273577.00"
"115/10/02","115","1","5301","寶得利","-5586.00","122.00","5912.00","987.00","1435.00","6869.00","8304.00"
"115/10/02","115","1","5302","太欣","4931.00","-970.00","-20283.00","92.00","-16230.00","54955.00","38725.00"
"115/10/02","115","1","5309","系統電","-13702.00","-68281.00","1095026.00","13781.00","1026824.00","2612293.00","3639117.00"
"115/10/02","115","1","5310","天剛","-10517.00","4954.00","-2012.00","--","-7575.00","125376.00","117801.00"
"115/10/02","115","1","5312","寶島科","291177.00","33677.00","-294809.00","1137.00","31182.00","217137.00","248319.00"
"115/10/02","115","1","5314","世紀*","29919.00","56062.00","-93630.00","11143.00","3494.00","1301292.00","1304786.00"
"115/10/02","115","1","5315","光聯","138357.00","-11655.00","-472.00","29.00","126259.00","438468.00","564727.00"
"115/10/02","115","1","5321","美而快","-42207.00","18884.00","-230371.00","2.00","-253692.00","682239.00","428547.00"
"115/10/02","115","1","5324","士開","-340204.00","1278.00","247573.00","--","-91353.00","605885.00","514532.00"
"115/10/02","115","1","5328","華容","451022.00","59789.00","-403149.00","12638.00","120300.00","497463.00","617763.00"
"115/10/02","115","1","5340","建榮","70467.00","-195906.00","-2176.00","--","-127615.00","393303.00","265688.00"
"115/10/02","115","1","5344","立衛","-6605.00","-7936.00","-2676.00","6211.00","-11006.00","63822.00","52816.00"
"115/10/02","115","1","5345","馥鴻","6288.00","-86.00","-398.00","--","5804.00","119429.00","125233.00"
"115/10/02","115","1","5347","世界","11432126.00","-24947417.00","18104585.00","128359.00","4717653.00","39634973.00","44352626.00"
"115/10/02","115","1","5348","正能量智能","-2564.00","-4939.00","-2189.00","--","-9692.00","65850.00","56158.00"
"115/10/02","115","1","5351","鈺創","465123.00","207514.00","-15628.00","1015.00","658024.00","873575.00","1531599.00"
"115/10/02","115","1","5353","台林","3462.00","-1301.00","-1647.00","21.00","535.00","543381.00","543916.00"
"115/10/02","115","1","5355","佳總","-41440.00","42866.00","-7064.00","2065.00","-3573.00","196837.00","193264.00"
"115/10/02","115","1","5356","協益","-98307.00","-15059.00","-19572.00","40817.00","-92121.00","936985.00","844864.00"
"115/10/02","115","1","5364","力麗店","-27591.00","6364.00","-5595.00","--","-26822.00","104700.00","77878.00"
"115/10/02","115","1","5381","光譜","-87287.00","-106449.00","12320.00","--","-181416.00","402006.00","220590.00"
"115/10/02","115","1","5386","青雲","-328374.00","-410051.00","1953339.00","--","1214914.00","168729.00","1383643.00"
"115/10/02","115","1","5392","能率","-65028.00","-686914.00","490923.00","81172.00","-179847.00","3181475.00","3001628.00"
"115/10/02","115","1","5398","慕康生醫","40888.00","-4735.00","-2584.00","406.00","33975.00","59569.00","93544.00"
"115/10/02","115","1","5403","中菲","-10034.00","-349393.00","-1281.00","--","-360708.00","1432069.00","1071361.00"
"115/10/02","115","1","5410","國眾","-923740.00","-98708.00","97527.00","1374.00","-923547.00","1197168.00","273621.00"
"115/10/02","115","1","5425","台半","153952.00","254607.00","4627.00","-9971.00","403215.00","3535194.00","3938409.00"
"115/10/02","115","1","5426","振發","-10901.00","-135042.00","-140000.00","17641.00","-268302.00","808353.00","540051.00"
"115/10/02","115","1","5432","新門","-1278.00","-38.00","-596.00","--","-1912.00","215729.00","213817.00"
"115/10/02","115","1","5438","東友","-24768.00","113410.00","-209630.00","-2868.00","-123856.00","605137.00","481281.00"
"115/10/02","115","1","5439","高技","759354.00","-456772.00","-121457.00","25.00","181150.00","2140958.00","2322108.00"
"115/10/02","115","1","5443","均豪","15477.00","-228776.00","253349.00","2702.00","42752.00","1135548.00","1178300.00"
"115/10/02","115","1","5450","南良","-25633.00","-30391.00","-7660.00","14843.00","-48841.00","797457.00","748616.00"
"115/10/02","115","1","5452","佶優","-50151.00","-42713.00","94699.00","10653.00","12488.00","860268.00","872756.00"
"115/10/02","115","1","5455","昇益","-517942.00","2519.00","537801.00","--","22378.00","3545.00","25923.00"
"115/10/02","115","1","5457","宣德","847629.00","-785587.00","529690.00","179256.00","770988.00","5880643.00","6651631.00"
"115/10/02","115","1","5460","同協","5598.00","-4278.00","-626.00","9304.00","9998.00","44430.00","54428.00"
"115/10/02","115","1","5464","霖宏","-22871.00","226772.00","-186178.00","--","17723.00","394228.00","411951.00"
"115/10/02","115","1","5465","富驊","546859.00","37080.00","-156556.00","7111.00","434494.00","297679.00","732173.00"
"115/10/02","115","1","5468","凱鈺","21807.00","-187.00","-38140.00","--","-16520.00","160187.00","143667.00"
"115/10/02","115","1","5474","聰泰","52716.00","-5093.00","-5365.00","--","42258.00","490066.00","532324.00"
"115/10/02","115","1","5475","德宏","-24810.00","-18474.00","37467.00","21359.00","15542.00","90865.00","106407.00"
"115/10/02","115","1","5478","智冠","1802295.00","-720526.00","-14116.00","21036.00","1088689.00","4636569.00","5725258.00"
"115/10/02","115","1","5481","新華","-4364.00","-2000.00","-5745.00","1.00","-12108.00","244496.00","232388.00"
"115/10/02","115","1","5483","中美晶","1558555.00","9672139.00","-9919064.00","612530.00","1924160.00","34745802.00","36669962.00"
"115/10/02","115","1","5487","通泰","-4340.00","-194.00","--","1110.00","-3424.00","244369.00","240945.00"
"115/10/02","115","1","5488","松普","-50782.00","1540.00","5820.00","22237.00","-21185.00","319035.00","297850.00"
"115/10/02","115","1","5489","彩富","-105116.00","146904.00","-6005.00","3526.00","39309.00","345774.00","385083.00"
"115/10/02","115","1","5490","同亨","116526.00","-3849.00","-3358.00","18126.00","127445.00","475029.00","602474.00"
"115/10/02","115","1","5493","三聯","-36544.00","-19243.00","-4200.00","1007.00","-58980.00","813696.00","754716.00"
"115/10/02","115","1","5498","凱崴","-27697.00","2268.00","-4085.00","-33012.00","-62526.00","354929.00","292403.00"
"115/10/02","115","1","5508","永信建","317530.00","-174.00","-335196.00","--","-17840.00","151388.00","133548.00"
"115/10/02","115","1","5511","德昌","151537.00","-27320.00","170358.00","522.00","295097.00","2425530.00","2720627.00"
"115/10/02","115","1","5512","力麒","-417871.00","17301.00","208305.00","--","-192265.00","4526655.00","4334390.00"
"115/10/02","115","1","5514","三豐","251173.00","54485.00","62340.00","--","367998.00","110002.00","478000.00"
"115/10/02","115","1","5516","雙喜","298368.00","-9497.00","-209840.00","0.00","79031.00","266613.00","345644.00"
"115/10/02","115","1","5520","力泰","246579.00","-112394.00","-12271.00","635.00","122549.00","643318.00","765867.00"
"115/10/02","115","1","5523","豐謙","-294575.00","-14260.00","285048.00","--","-23787.00","44308.00","20521.00"
"115/10/02","115","1","5529","鉅陞","74585.00","-660.00","7044.00","--","80969.00","115481.00","196450.00"
"115/10/02","115","1","5530","龍巖","-313630.00","-228862.00","540471.00","795.00","-1226.00","529027.00","527801.00"
"115/10/02","115","1","5536","聖暉*","1494259.00","-400148.00","-709586.00","286200.00","670725.00","12996241.00","13666966.00"
"115/10/02","115","1","5543","桓鼎-KY","77684.00","-87010.00","14173.00","19315.00","24162.00","370220.00","394382.00"
"115/10/02","115","1","5547","久舜","-133566.00","-29310.00","103665.00","--","-59211.00","448605.00","389394.00"
"115/10/02","115","1","5548","安倉","-187843.00","82012.00","33805.00","--","-72026.00","189040.00","117014.00"
"115/10/02","115","1","5601","台聯櫃","14001.00","330.00","-852.00","--","13479.00","47966.00","61445.00"
"115/10/02","115","1","5603","陸海","-16298.00","13623.00","4891.00","-23.00","2193.00","151393.00","153586.00"
"115/10/02","115","1","5604","中連","32095.00","185240.00","-218255.00","--","-920.00","6436.00","5516.00"
"115/10/02","115","1","5609","中菲行","342415.00","-118791.00","-63182.00","217530.00","377972.00","4636883.00","5014855.00"
"115/10/02","115","1","5701","劍湖山","3596.00","-11649.00","-22832.00","16.00","-30869.00","87655.00","56786.00"
"115/10/02","115","1","5703","亞都麗緻","14736.00","-23126.00","-1674.00","--","-10064.00","233115.00","223051.00"
"115/10/02","115","1","5704","老爺知","-15640.00","-295722.00","439754.00","--","128392.00","156900.00","285292.00"
"115/10/02","115","1","5878","台名","29585.00","9260.00","-5700.00","--","33145.00","44882.00","78027.00"
"115/10/02","115","1","5902","德記","-28100.00","-300825.00","7209.00","429.00","-321287.00","783185.00","461898.00"
"115/10/02","115","1","5903","全家","2484118.00","-915401.00","-1546539.00","510.00","22688.00","7157594.00","7180282.00"
"115/10/02","115","1","5904","寶雅*","2428649.00","-470478.00","-1306501.00","--","651670.00","3673438.00","4325108.00"
"115/10/02","115","1","5905","南仁湖","309305.00","-67368.00","-284027.00","9001.00","-33089.00","373614.00","340525.00"
"115/10/02","115","1","6028","公勝保經","235337.00","-13058.00","224329.00","--","446608.00","450992.00","897600.00"
"115/10/02","115","1","6101","寬魚國際","110121.00","-54366.00","451550.00","80.00","507385.00","269930.00","777315.00"
"115/10/02","115","1","6103","合邦","-7538.00","0.00","-263.00","-3.00","-7804.00","50399.00","42595.00"
"115/10/02","115","1","6104","創惟","78891.00","-31550.00","-50296.00","647.00","-2308.00","1200350.00","1198042.00"
"115/10/02","115","1","6109","亞元","8881.00","-4406.00","36542.00","11928.00","52945.00","417362.00","470307.00"
"115/10/02","115","1","6111","光聚晶電","-50496.00","-396015.00","613547.00","27139.00","194175.00","2392237.00","2586412.00"
"115/10/02","115","1","6113","亞矽","7764.00","-2022.00","39260.00","1843.00","46845.00","123110.00","169955.00"
"115/10/02","115","1","6114","久威","51456.00","13875.00","36676.00","302.00","102309.00","1143736.00","1246045.00"
"115/10/02","115","1","6118","建達","-179430.00","-722.00","133193.00","--","-46959.00","378141.00","331182.00"
"115/10/02","115","1","6121","新普","2218984.00","467838.00","-1768520.00","650673.00","1568975.00","21983180.00","23552155.00"
"115/10/02","115","1","6122","擎邦","314167.00","-266.00","-101283.00","1271.00","213889.00","318699.00","532588.00"
"115/10/02","115","1","6123","上奇","252698.00","-103611.00","-60055.00","33825.00","122857.00","2139959.00","2262816.00"
"115/10/02","115","1","6124","業強","104043.00","57953.00","-14237.00","-19324.00","128435.00","663505.00","791940.00"
"115/10/02","115","1","6125","廣運","-525762.00","161758.00","-23615.00","-14595.00","-402214.00","1981792.00","1579578.00"
"115/10/02","115","1","6126","信音","-52933.00","-190973.00","131628.00","181506.00","69228.00","2125240.00","2194468.00"
"115/10/02","115","1","6127","九豪","-595.00","-17228.00","21602.00","-3910.00","-131.00","133987.00","133856.00"
"115/10/02","115","1","6129","普誠","-61429.00","-61231.00","131934.00","17176.00","26450.00","318059.00","344509.00"
"115/10/02","115","1","6130","上亞科技","-14516.00","-78563.00","-5367.00","--","-98446.00","187585.00","89139.00"
"115/10/02","115","1","6134","萬旭","-80413.00","1184.00","123862.00","18733.00","63366.00","148254.00","211620.00"
"115/10/02","115","1","6138","茂達","505684.00","-257003.00","-5867.00","1243.00","244057.00","699097.00","943154.00"
"115/10/02","115","1","6140","訊達電腦","91902.00","-53562.00","-33345.00","5748.00","10743.00","98410.00","109153.00"
"115/10/02","115","1","6143","振曜","81456.00","-12295.00","-225360.00","16838.00","-139361.00","3103208.00","2963847.00"
"115/10/02","115","1","6144","得利影","502.00","8604.00","-1699.00","--","7407.00","28326.00","35733.00"
"115/10/02","115","1","6146","耕興","476423.00","-447383.00","-11917.00","69017.00","86140.00","2060448.00","2146588.00"
"115/10/02","115","1","6147","頎邦","-441775.00","-912853.00","-4528.00","58987.00","-1300169.00","6825157.00","5524988.00"
"115/10/02","115","1","6148","驊宏資","46210.00","-9053.00","41415.00","430.00","79002.00","330949.00","409951.00"
"115/10/02","115","1","6150","撼訊","109385.00","-6525.00","-2229.00","430.00","101061.00","652007.00","753068.00"
"115/10/02","115","1","6151","晉倫","29013.00","-12297.00","-58153.00","11716.00","-29721.00","124373.00","94652.00"
"115/10/02","115","1","6154","順發","-73671.00","32332.00","-24492.00","--","-65831.00","212297.00","146466.00"
"115/10/02","115","1","6156","松上","-19741.00","112105.00","-159298.00","35966.00","-30968.00","1298150.00","1267182.00"
"115/10/02","115","1","6158","禾昌","26001.00","-32497.00","154090.00","13398.00","160992.00","325079.00","486071.00"
"115/10/02","115","1","6160","欣技","-46187.00","-8219.00","52279.00","469.00","-1658.00","101159.00","99501.00"
"115/10/02","115","1","6161","捷波","202955.00","-58556.00","-3421.00","11370.00","152348.00","509427.00","661775.00"
"115/10/02","115","1","6163","華電網","-414323.00","176148.00","270922.00","226.00","32973.00","1586038.00","1619011.00"
"115/10/02","115","1","6167","久正","-19355.00","-8187.00","45.00","14652.00","-12845.00","477349.00","464504.00"
"115/10/02","115","1","6169","昱泉","-11165.00","0.00","20907.00","134.00","9876.00","23472.00","33348.00"
"115/10/02","115","1","6170","統振","-118269.00","-1960.00","-26709.00","--","-146938.00","373341.00","226403.00"
"115/10/02","115","1","6171","大城地產","-105013.00","3480.00","119000.00","--","17467.00","116154.00","133621.00"
"115/10/02","115","1","6173","信昌電","226012.00","-43222.00","-15846.00","15854.00","182798.00","947246.00","1130044.00"
"115/10/02","115","1","6174","安��","23069.00","-17444.00","3166.00","35.00","8826.00","71131.00","79957.00"
"115/10/02","115","1","6175","立敦","123.00","-136904.00","-87333.00","50633.00","-173481.00","1101694.00","928213.00"
"115/10/02","115","1","6179","亞通","-364206.00","-159265.00","1114213.00","-7061.00","583681.00","1030107.00","1613788.00"
"115/10/02","115","1","6180","橘子","21330.00","-771996.00","178932.00","9913.00","-561821.00","2001938.00","1440117.00"
"115/10/02","115","1","6182","合晶","319774.00","-2435372.00","1630179.00","200989.00","-284430.00","4807368.00","4522938.00"
"115/10/02","115","1","6185","幃翔","-82556.00","-96608.00","-74.00","19680.00","-159558.00","631914.00","472356.00"
"115/10/02","115","1","6186","新潤","1400818.00","419710.00","-1343526.00","--","477002.00","1399984.00","1876986.00"
"115/10/02","115","1","6187","萬潤","228096.00","-297766.00","-3655.00","28547.00","-44778.00","4182027.00","4137249.00"
"115/10/02","115","1","6188","廣明","3033343.00","-1779722.00","941353.00","-74310.00","2120664.00","1869618.00","3990282.00"
"115/10/02","115","1","6190","萬泰科","-642389.00","-126353.00","861813.00","7548.00","100619.00","980590.00","1081209.00"
"115/10/02","115","1","6194","育富","7427.00","44762.00","--","20370.00","72559.00","784486.00","857045.00"
"115/10/02","115","1","6195","詩肯","109502.00","-4887.00","-140819.00","895.00","-35309.00","303969.00","268660.00"
"115/10/02","115","1","6198","瑞築","-228135.00","100000.00","411681.00","9.00","283555.00","668188.00","951743.00"
"115/10/02","115","1","6199","天品","34796.00","4372.00","624332.00","--","663500.00","263657.00","927157.00"
"115/10/02","115","1","6203","海韻電","159073.00","-9627.00","-4386.00","3417.00","148477.00","1836564.00","1985041.00"
"115/10/02","115","1","6204","艾華","9685.00","17962.00","-1468.00","981.00","27160.00","173836.00","200996.00"
"115/10/02","115","1","6207","雷科","619.00","-195963.00","122289.00","33705.00","-39350.00","929736.00","890386.00"
"115/10/02","115","1","6208","日揚","126457.00","-402732.00","-58673.00","13233.00","-321715.00","937512.00","615797.00"
"115/10/02","115","1","6210","慶生","-19492.00","13678.00","20000.00","--","14186.00","33674.00","47860.00"
"115/10/02","115","1","6212","理銘","61465.00","19148.00","-50000.00","--","30613.00","122958.00","153571.00"
"115/10/02","115","1","6217","中探針","-10505.00","-107294.00","544289.00","8876.00","435366.00","593799.00","1029165.00"
"115/10/02","115","1","6218","豪勉","-70181.00","3154.00","-63092.00","1985.00","-128134.00","364945.00","236811.00"
"115/10/02","115","1","6219","富旺","738328.00","-4640.00","-1075486.00","--","-341798.00","883938.00","542140.00"
"115/10/02","115","1","6220","岳豐","-1406220.00","-50785.00","717752.00","14621.00","-724632.00","1490268.00","765636.00"
"115/10/02","115","1","6221","晉泰","383348.00","-240290.00","-2770.00","18082.00","158370.00","2463197.00","2621567.00"
"115/10/02","115","1","6222","立軒","-88850.00","-219184.00","439370.00","--","131336.00","403562.00","534898.00"
"115/10/02","115","1","6223","旺矽","991607.00","-1969232.00","-3615.00","15058.00","-966182.00","5444974.00","4478792.00"
"115/10/02","115","1","6227","茂綸","-133482.00","-1220.00","462255.00","7047.00","334600.00","527819.00","862419.00"
"115/10/02","115","1","6228","全譜","-4108.00","20.00","5791.00","128.00","1831.00","50918.00","52749.00"
"115/10/02","115","1","6229","研通","-142848.00","-11427.00","102788.00","11194.00","-40293.00","159317.00","119024.00"
"115/10/02","115","1","6231","系微","45838.00","-137628.00","-12885.00","10625.00","-94050.00","1076805.00","982755.00"
"115/10/02","115","1","6233","旺玖","13279.00","171584.00","-9550.00","--","175313.00","487116.00","662429.00"
"115/10/02","115","1","6234","高僑","-6865.00","-17411.00","1248.00","-18477.00","-41505.00","911016.00","869511.00"
"115/10/02","115","1","6236","中湛","318.00","23.00","-745.00","--","-404.00","141209.00","140805.00"
"115/10/02","115","1","6237","驊訊","-28023.00","-3763.00","-6172.00","427.00","-37531.00","286142.00","248611.00"
"115/10/02","115","1","6240","松崗","6011.00","4364.00","-4134.00","--","6241.00","109516.00","115757.00"
"115/10/02","115","1","6241","鑫永洋","-24067.00","-326.00","8668.00","--","-15725.00","21513.00","5788.00"
"115/10/02","115","1","6242","立康","-3174.00","1201.00","0.00","--","-1973.00","42925.00","40952.00"
"115/10/02","115","1","6244","茂迪","-94776.00","69159.00","49184.00","29999.00","53566.00","2632124.00","2685690.00"
"115/10/02","115","1","6245","立端","-327541.00","-246369.00","-9017.00","24426.00","-558501.00","1333275.00","774774.00"
"115/10/02","115","1","6246","臺龍","-39157.00","-3732.00","-6861.00","39274.00","-10476.00","459779.00","449303.00"
"115/10/02","115","1","6248","沛波","328269.00","31833.00","-305175.00","--","54927.00","282172.00","337099.00"
"115/10/02","115","1","6259","百徽","-16158.00","-3206.00","7507.00","4961.00","-6896.00","187207.00","180311.00"
"115/10/02","115","1","6261","久元","271384.00","-257042.00","48027.00","5294.00","67663.00","1415798.00","1483461.00"
"115/10/02","115","1","6263","普萊德","141280.00","2975.00","-6208.00","--","138047.00","1601566.00","1739613.00"
"115/10/02","115","1","6264","富裔","-152927.00","51341.00","84784.00","--","-16802.00","62013.00","45211.00"
"115/10/02","115","1","6265","方土昶","-355339.00","-212962.00","84537.00","-1940.00","-485704.00","777870.00","292166.00"
"115/10/02","115","1","6266","泰詠","58027.00","-28892.00","-6516.00","3509.00","26128.00","277163.00","303291.00"
"115/10/02","115","1","6270","倍微","10110.00","-19599.00","-58002.00","19295.00","-48196.00","890713.00","842517.00"
"115/10/02","115","1","6274","台燿","-1567736.00","994083.00","1048984.00","351998.00","827329.00","5164958.00","5992287.00"
"115/10/02","115","1","6275","元山","-11241.00","-110720.00","11154.00","4832.00","-105975.00","417512.00","311537.00"
"115/10/02","115","1","6276","安鈦克","-46800.00","-6133.00","-11974.00","552.00","-64355.00","196208.00","131853.00"
"115/10/02","115","1","6279","胡連","-17788.00","-364526.00","547180.00","70371.00","235237.00","906181.00","1141418.00"
"115/10/02","115","1","6284","佳邦","282731.00","-199255.00","399188.00","102786.00","585450.00","1787804.00","2373254.00"
"115/10/02","115","1","6290","良維","137183.00","-61688.00","905800.00","31468.00","1012763.00","1590594.00","2603357.00"
"115/10/02","115","1","6291","沛亨","52374.00","-6104.00","-239190.00","5045.00","-187875.00","707456.00","519581.00"
"115/10/02","115","1","6292","迅德","14285.00","-11883.00","19746.00","8799.00","30947.00","413438.00","444385.00"
"115/10/02","115","1","6294","智基","38511.00","-18586.00","-25956.00","--","-6031.00","519197.00","513166.00"
"115/10/02","115","1","6411","晶焱","132407.00","267979.00","55531.00","1672.00","457589.00","292349.00","749938.00"
"115/10/02","115","1","6417","韋僑","85009.00","-28488.00","-21577.00","111.00","35055.00","544739.00","579794.00"
"115/10/02","115","1","6418","詠昇","-2683.00","-633.00","-2279.00","1856.00","-3739.00","264057.00","260318.00"
"115/10/02","115","1","6419","京晨科","-36144.00","-3430.00","109630.00","2654.00","72710.00","34265.00","106975.00"
"115/10/02","115","1","6423","億而得","-5664.00","-123817.00","148959.00","288.00","19766.00","262961.00","282727.00"
"115/10/02","115","1","6425","易發","-23379.00","-17663.00","-8874.00","4863.00","-45053.00","654236.00","609183.00"
"115/10/02","115","1","6432","今展科","40272.00","-1606.00","-2769.00","8362.00","44259.00","393353.00","437612.00"
"115/10/02","115","1","6435","大中","150493.00","-19008.00","-5740.00","--","125745.00","207351.00","333096.00"
"115/10/02","115","1","6441","廣錠","-97505.00","33220.00","22579.00","1.00","-41705.00","189478.00","147773.00"
"115/10/02","115","1","6461","益得","-84495.00","46147.00","71934.00","0.00","33586.00","16804.00","50390.00"
"115/10/02","115","1","6462","神盾","149306.00","-22269.00","79490.00","732.00","207259.00","2647141.00","2854400.00"
"115/10/02","115","1","6465","威潤","8077.00","-26545.00","-802.00","55.00","-19215.00","69700.00","50485.00"
"115/10/02","115","1","6469","大樹","-114318.00","-42266.00","-152979.00","-20710.00","-330273.00","1771761.00","1441488.00"
"115/10/02","115","1","6470","宇智","48690.00","2360.00","-5267.00","7490.00","53273.00","945912.00","999185.00"
"115/10/02","115","1","6474","華豫寧","132882.00","-20506.00","-67164.00","12987.00","58199.00","256726.00","314925.00"
"115/10/02","115","1","6482","弘煜科","7301.00","-16.00","-593.00","-106.00","6586.00","371741.00","378327.00"
"115/10/02","115","1","6485","點序","-38125.00","-68315.00","173588.00","2464.00","69612.00","640008.00","709620.00"
"115/10/02","115","1","6486","互動","-118193.00","-31148.00","-1548.00","285.00","-150604.00","735849.00","585245.00"
"115/10/02","115","1","6488","環球晶","673302.00","12197464.00","-8770243.00","542889.00","4643412.00","19484156.00","24127568.00"
"115/10/02","115","1","6492","生華科","-83576.00","1249.00","-2389.00","1015.00","-83701.00","771782.00","688081.00"
"115/10/02","115","1","6494","九齊","134358.00","-123578.00","4849.00","259.00","15888.00","412554.00","428442.00"
"115/10/02","115","1","6496","科懋","-40049.00","-2086.00","-12812.00","222.00","-54725.00","185336.00","130611.00"
"115/10/02","115","1","6498","久禾光","172955.00","-5422.00","-1539.00","19645.00","185639.00","1399214.00","1584853.00"
"115/10/02","115","1","6499","益安","-140265.00","-71880.00","-9666.00","4846.00","-216965.00","520786.00","303821.00"
"115/10/02","115","1","6506","雙邦","90879.00","-10102.00","-37515.00","68.00","43330.00","103287.00","146617.00"
"115/10/02","115","1","6508","惠光","68640.00","-12949.00","-65467.00","10659.00","883.00","736123.00","737006.00"
"115/10/02","115","1","6509","聚和","199646.00","-87244.00","-31129.00","35465.00","116738.00","1637947.00","1754685.00"
"115/10/02","115","1","6510","精測","378312.00","-1617842.00","2558367.00","6089.00","1324926.00","4003824.00","5328750.00"
"115/10/02","115","1","6512","啟發電","-19020.00","-690.00","-162.00","183.00","-19689.00","236267.00","216578.00"
"115/10/02","115","1","6516","勤崴國際","38333.00","-25084.00","-2473.00","--","10776.00","148706.00","159482.00"
"115/10/02","115","1","6517","保勝光學","44338.00","-7593.00","-354.00","--","36391.00","432653.00","469044.00"
"115/10/02","115","1","6523","達爾膚","29717.00","-203118.00","-2702.00","--","-176103.00","326334.00","150231.00"
"115/10/02","115","1","6527","明達醫","65162.00","-85234.00","-1720.00","--","-21792.00","132018.00","110226.00"
"115/10/02","115","1","6530","創威","16417.00","-45.00","-1415.00","--","14957.00","438645.00","453602.00"
"115/10/02","115","1","6532","瑞耘","27598.00","281416.00","-50218.00","467.00","259263.00","162797.00","422060.00"
"115/10/02","115","1","6535","順藥","-51859.00","52183.00","-1718.00","37.00","-1357.00","181594.00","180237.00"
"115/10/02","115","1","6538","倉和","35583.00","106407.00","-33546.00","24501.00","132945.00","698338.00","831283.00"
"115/10/02","115","1","6542","隆中","-18624.00","-13128.00","-54657.00","2654.00","-83755.00","688660.00","604905.00"
"115/10/02","115","1","6546","正基","-47290.00","72726.00","-678.00","--","24758.00","961958.00","986716.00"
"115/10/02","115","1","6547","高端疫苗","-56150.00","-928548.00","780987.00","--","-203711.00","592037.00","388326.00"
"115/10/02","115","1","6548","長科*","76056.00","-471150.00","90235.00","218870.00","-85989.00","5396909.00","5310920.00"
"115/10/02","115","1","6556","勝品","42875.00","-1782.00","-1047.00","109.00","40155.00","392763.00","432918.00"
"115/10/02","115","1","6560","欣普羅","297.00","4452.00","-975.00","-1337.00","2437.00","208885.00","211322.00"
"115/10/02","115","1","6561","是方","364010.00","-56611.00","-744221.00","2125.00","-434697.00","871182.00","436485.00"
"115/10/02","115","1","6568","宏觀","68612.00","-17791.00","-667.00","308.00","50462.00","436474.00","486936.00"
"115/10/02","115","1","6569","醫揚","-80888.00","-73335.00","16000.00","1930.00","-136293.00","374339.00","238046.00"
"115/10/02","115","1","6570","維田","-32385.00","23588.00","-6746.00","3049.00","-12494.00","165418.00","152924.00"
"115/10/02","115","1","6574","霈方","101830.00","-115605.00","-9595.00","--","-23370.00","219437.00","196067.00"
"115/10/02","115","1","6576","逸達","-179337.00","349749.00","212664.00","7430.00","390506.00","479518.00","870024.00"
"115/10/02","115","1","6577","勁豐","160814.00","-34176.00","-9698.00","2769.00","119709.00","820567.00","940276.00"
"115/10/02","115","1","6578","達邦蛋白","5603.00","-702.00","-27872.00","-2160.00","-25131.00","132165.00","107034.00"
"115/10/02","115","1","6584","南俊國際","168186.00","-485002.00","271085.00","2104.00","-43627.00","467172.00","423545.00"
"115/10/02","115","1","6588","東典光電","13099.00","-51851.00","26196.00","-3.00","-12559.00","372043.00","359484.00"
"115/10/02","115","1","6590","普鴻","-5998.00","15102.00","-3574.00","--","5530.00","236226.00","241756.00"
"115/10/02","115","1","6593","台灣銘板","-3796.00","-10052.00","-1370.00","-981.00","-16199.00","198296.00","182097.00"
"115/10/02","115","1","6596","寬宏藝術","-256608.00","170361.00","-286.00","208.00","-86325.00","180356.00","94031.00"
"115/10/02","115","1","6597","立誠","-21114.00","-989298.00","1024830.00","--","14418.00","126303.00","140721.00"
"115/10/02","115","1","6603","富強鑫","-191506.00","-21041.00","119044.00","-18279.00","-111782.00","904248.00","792466.00"
"115/10/02","115","1","6609","瀧澤科","-50845.00","-5772.00","-4410.00","7591.00","-53436.00","273058.00","219622.00"
"115/10/02","115","1","6612","奈米醫材","-5693.00","34049.00","-57011.00","10235.00","-18420.00","459089.00","440669.00"
"115/10/02","115","1","6613","朋億*","129096.00","-291265.00","25902.00","124835.00","-11432.00","3667709.00","3656277.00"
"115/10/02","115","1","6615","慧智","2530.00","-2424.00","-3997.00","69.00","-3822.00","90608.00","86786.00"
"115/10/02","115","1","6616","特昇-KY","-15307.00","-36.00","3249.00","9789.00","-2305.00","314747.00","312442.00"
"115/10/02","115","1","6617","共信-KY","-41499.00","-56760.00","-98644.00","-3523.00","-200426.00","968902.00","768476.00"
"115/10/02","115","1","6620","漢達","225884.00","-862237.00","-147582.00","586.00","-783349.00","1807213.00","1023864.00"
"115/10/02","115","1","6624","萬年清","-34433.00","-1712.00","-10442.00","-16.00","-46603.00","133322.00","86719.00"
"115/10/02","115","1","6629","泰金-KY","-59631.00","-1306.00","-56544.00","-27241.00","-144722.00","696914.00","552192.00"
"115/10/02","115","1","6637","醫影","16191.00","-167605.00","-19517.00","2518.00","-168413.00","372282.00","203869.00"
"115/10/02","115","1","6640","均華","131070.00","-171976.00","79639.00","7174.00","45907.00","718252.00","764159.00"
"115/10/02","115","1","6642","富致","16617.00","-324198.00","239682.00","3435.00","-64464.00","238259.00","173795.00"
"115/10/02","115","1","6643","M31","-137128.00","-55883.00","-2832.00","19.00","-195824.00","497689.00","301865.00"
"115/10/02","115","1","6649","台生材","1969.00","967.00","-43110.00","--","-40174.00","258405.00","218231.00"
"115/10/02","115","1","6651","全宇昕","109041.00","-78292.00","-51421.00","7183.00","-13489.00","518435.00","504946.00"
"115/10/02","115","1","6654","天正國際","39925.00","-8289.00","-11198.00","438.00","20876.00","212950.00","233826.00"
"115/10/02","115","1","6661","威健生技","-21090.00","4792.00","-8746.00","--","-25044.00","224333.00","199289.00"
"115/10/02","115","1","6662","樂斯科","-674.00","-3554.00","-3324.00","--","-7552.00","80706.00","73154.00"
"115/10/02","115","1","6664","群翊","107997.00","-293625.00","-885.00","14163.00","-172350.00","519683.00","347333.00"
"115/10/02","115","1","6667","信紘科","516384.00","-24523.00","17266.00","1023.00","510150.00","1750695.00","2260845.00"
"115/10/02","115","1","6679","鈺太","171169.00","279946.00","-2577.00","18030.00","466568.00","429029.00","895597.00"
"115/10/02","115","1","6680","鑫創電子","-57465.00","-5543.00","-1275.00","264.00","-64019.00","246564.00","182545.00"
"115/10/02","115","1","6683","雍智科技","249231.00","-61101.00","-2006.00","26053.00","212177.00","1470443.00","1682620.00"
"115/10/02","115","1","6684","安格","-41789.00","-402.00","-4611.00","0.00","-46802.00","353437.00","306635.00"
"115/10/02","115","1","6690","安�硌穈T","303983.00","-319481.00","-10577.00","--","-26075.00","894213.00","868138.00"
"115/10/02","115","1","6692","進能服","-270112.00","-22015.00","184968.00","--","-107159.00","585999.00","478840.00"
"115/10/02","115","1","6693","廣閎科","8308.00","-5442.00","-20871.00","-1777.00","-19782.00","466545.00","446763.00"
"115/10/02","115","1","6697","東捷資訊","-89355.00","28914.00","-1220.00","1238.00","-60423.00","469112.00","408689.00"
"115/10/02","115","1","6703","軒郁","-55768.00","-1125.00","-11842.00","65.00","-68670.00","845319.00","776649.00"
"115/10/02","115","1","6708","天擎","-5230.00","-3936.00","-1174.00","1111.00","-9229.00","281280.00","272051.00"
"115/10/02","115","1","6712","長聖","242009.00","-42758.00","-2507.00","--","196744.00","222161.00","418905.00"
"115/10/02","115","1","6716","應廣","66682.00","-4116.00","-47436.00","-2835.00","12295.00","576564.00","588859.00"
"115/10/02","115","1","6720","久昌","-360.00","-54477.00","-33861.00","4158.00","-84540.00","616923.00","532383.00"
"115/10/02","115","1","6721","信實","-158523.00","-6771.00","63123.00","--","-102171.00","401246.00","299075.00"
"115/10/02","115","1","6725","矽科宏晟","114159.00","-103255.00","-363110.00","2639.00","-349567.00","1457134.00","1107567.00"
"115/10/02","115","1","6727","亞泰金屬","278633.00","-95381.00","24306.00","14103.00","221661.00","926108.00","1147769.00"
"115/10/02","115","1","6728","上洋","-40214.00","-77331.00","76037.00","-1.00","-41509.00","290651.00","249142.00"
"115/10/02","115","1","6730","常廣","17052.00","-9667.00","-2629.00","35.00","4791.00","95293.00","100084.00"
"115/10/02","115","1","6732","昇佳電子","73136.00","-152228.00","-38474.00","6831.00","-110735.00","942732.00","831997.00"
"115/10/02","115","1","6733","博晟生醫","-13687.00","-947.00","359061.00","-25.00","344402.00","217901.00","562303.00"
"115/10/02","115","1","6735","美達科技","82475.00","-26675.00","-1529.00","-397.00","53874.00","235890.00","289764.00"
"115/10/02","115","1","6739","竹陞科技","225686.00","-42193.00","-110.00","0.00","183383.00","396808.00","580191.00"
"115/10/02","115","1","6741","91APP*-KY","91916.00","47857.00","17231.00","6263.00","163267.00","1587754.00","1751021.00"
"115/10/02","115","1","6751","智聯服務","23959.00","-15020.00","-50000.00","2273.00","-38788.00","240411.00","201623.00"
"115/10/02","115","1","6752","叡揚","-334091.00","127527.00","-5254.00","-247.00","-212065.00","541096.00","329031.00"
"115/10/02","115","1","6761","穩得","27952.00","-166879.00","62682.00","-4028.00","-80273.00","515168.00","434895.00"
"115/10/02","115","1","6762","達亞","35530.00","-1873.00","-56333.00","--","-22676.00","171412.00","148736.00"
"115/10/02","115","1","6763","綠界科技*","60748.00","-124417.00","-296687.00","--","-360356.00","1453148.00","1092792.00"
"115/10/02","115","1","6767","台微醫","-11517.00","-17225.00","-530.00","12.00","-29260.00","91837.00","62577.00"
"115/10/02","115","1","6785","昱展新藥","-26882.00","37776.00","-884.00","17065.00","27075.00","1793488.00","1820563.00"
"115/10/02","115","1","6788","華景電","144617.00","-356469.00","-1524.00","12381.00","-200995.00","1794323.00","1593328.00"
"115/10/02","115","1","6791","虎門科技","18726.00","-2141.00","-4759.00","--","11826.00","329104.00","340930.00"
"115/10/02","115","1","6803","崑鼎","-1136403.00","-70958.00","234280.00","--","-973081.00","2441271.00","1468190.00"
"115/10/02","115","1","6804","明係","-20977.00","-5902.00","261815.00","0.00","234936.00","190706.00","425642.00"
"115/10/02","115","1","6811","宏�硌穈T","-149661.00","10794.00","170761.00","3353.00","35247.00","944155.00","979402.00"
"115/10/02","115","1","6821","聯寶","21557.00","-5383.00","-1673.00","4581.00","19082.00","586757.00","605839.00"
"115/10/02","115","1","6823","濾能","-71857.00","-10356.00","91501.00","53.00","9341.00","131390.00","140731.00"
"115/10/02","115","1","6829","千附精密","15981.00","-210706.00","179852.00","--","-14873.00","237805.00","222932.00"
"115/10/02","115","1","6840","東研信超","7021.00","-39280.00","-17841.00","5436.00","-44664.00","260018.00","215354.00"
"115/10/02","115","1","6841","長佳智能","-8660.00","121133.00","280273.00","--","392746.00","537933.00","930679.00"
"115/10/02","115","1","6843","進典","33669.00","12653.00","-4505.00","9513.00","51330.00","299865.00","351195.00"
"115/10/02","115","1","6844","諾貝兒","51996.00","-7008.00","-56801.00","--","-11813.00","528169.00","516356.00"
"115/10/02","115","1","6846","綠茵","34372.00","-195772.00","106017.00","-9.00","-55392.00","793360.00","737968.00"
"115/10/02","115","1","6855","數泓科","34452.00","-4271.00","-24193.00","--","5988.00","120183.00","126171.00"
"115/10/02","115","1","6856","鑫傳","21076.00","-9941.00","-6630.00","--","4505.00","412959.00","417464.00"
"115/10/02","115","1","6859","伯特光","25876.00","-73761.00","96559.00","41932.00","90606.00","511318.00","601924.00"
"115/10/02","115","1","6865","偉康科技","40116.00","3331.00","-7404.00","--","36043.00","129403.00","165446.00"
"115/10/02","115","1","6870","騰雲","-46770.00","-21045.00","-12755.00","2785.00","-77785.00","399586.00","321801.00"
"115/10/02","115","1","6872","浩宇生醫","-38657.00","-6956.00","-1861.00","531.00","-46943.00","187774.00","140831.00"
"115/10/02","115","1","6874","倍力","-335505.00","2237.00","216923.00","--","-116345.00","299429.00","183084.00"
"115/10/02","115","1","6875","國邑*","-138616.00","180443.00","-4640.00","1.00","37188.00","631230.00","668418.00"
"115/10/02","115","1","6877","鏵友益","-49170.00","-71304.00","-42514.00","473.00","-162515.00","381185.00","218670.00"
"115/10/02","115","1","6881","潤德","224796.00","-25793.00","-2269.00","--","196734.00","189153.00","385887.00"
"115/10/02","115","1","6884","海柏特","-7645.00","-4901.00","9052.00","2466.00","-1028.00","343219.00","342191.00"
"115/10/02","115","1","6894","衛司特","79294.00","-225010.00","398092.00","11633.00","264009.00","334098.00","598107.00"
"115/10/02","115","1","6895","宏碩系統","92083.00","-49319.00","-1924.00","--","40840.00","329081.00","369921.00"
"115/10/02","115","1","6899","創為精密","40499.00","-13830.00","-2875.00","2165.00","25959.00","739341.00","765300.00"
"115/10/02","115","1","6903","巨漢","222530.00","-271911.00","501.00","1467.00","-47413.00","1860239.00","1812826.00"
"115/10/02","115","1","6904","伯鑫","-7458.00","-70717.00","-20259.00","350.00","-98084.00","594160.00","496076.00"
"115/10/02","115","1","6907","雅特力-KY","275494.00","-2327.00","406444.00","30381.00","709992.00","812624.00","1522616.00"
"115/10/02","115","1","6910","德鴻","6450.00","-94324.00","-1809.00","1494.00","-88189.00","288740.00","200551.00"
"115/10/02","115","1","6913","鴻呈","25801.00","-288601.00","472889.00","8587.00","218676.00","348704.00","567380.00"
"115/10/02","115","1","6922","宸曜","119567.00","21283.00","-10711.00","5643.00","135782.00","330639.00","466421.00"
"115/10/02","115","1","6925","意藍","17777.00","-10016.00","-4450.00","--","3311.00","164699.00","168010.00"
"115/10/02","115","1","6929","佑全","87734.00","-62029.00","-23868.00","--","1837.00","245360.00","247197.00"
"115/10/02","115","1","6945","圓祥生技","-70131.00","-2955.00","-2886.00","1992.00","-73980.00","970892.00","896912.00"
"115/10/02","115","1","6953","家碩","-17876.00","-68154.00","-5033.00","528.00","-90535.00","1515366.00","1424831.00"
"115/10/02","115","1","6961","旅天下","100434.00","-1128.00","181617.00","273.00","281196.00","714753.00","995949.00"
"115/10/02","115","1","6967","汎瑋材料","76004.00","-5743.00","-21905.00","10533.00","58889.00","308405.00","367294.00"
"115/10/02","115","1","6968","萬達寵物","89124.00","29995.00","-68030.00","--","51089.00","209527.00","260616.00"
"115/10/02","115","1","6971","惠民實業","-149124.00","-12114.00","317238.00","--","156000.00","370117.00","526117.00"
"115/10/02","115","1","6982","大井泵浦","52262.00","-47515.00","86105.00","2662.00","93514.00","157574.00","251088.00"
"115/10/02","115","1","6983","華洋精機","-26462.00","-1085.00","-9669.00","--","-37216.00","266084.00","228868.00"
"115/10/02","115","1","6986","和迅","27583.00","-115953.00","-1578.00","--","-89948.00","208197.00","118249.00"
"115/10/02","115","1","6996","力領科技","162457.00","-168562.00","-2035.00","2807.00","-5333.00","633521.00","628188.00"
"115/10/02","115","1","6997","博弘","73621.00","469.00","-5571.00","1885.00","70404.00","771671.00","842075.00"
"115/10/02","115","1","7402","邑錡","-38535.00","89002.00","-741.00","--","49726.00","429486.00","479212.00"
"115/10/02","115","1","7547","碩網","8403.00","-10643.00","181.00","1435.00","-624.00","87550.00","86926.00"
"115/10/02","115","1","7556","意德士科技","46324.00","-55005.00","-839.00","-13.00","-9533.00","740336.00","730803.00"
"115/10/02","115","1","7584","樂意","-4068.00","-26176.00","6791.00","1543.00","-21910.00","76403.00","54493.00"
"115/10/02","115","1","7642","昶瑞機電","34233.00","-48782.00","-6255.00","--","-20804.00","299687.00","278883.00"
"115/10/02","115","1","7703","銳澤","-166377.00","-310664.00","267731.00","555.00","-208755.00","1128290.00","919535.00"
"115/10/02","115","1","7704","明遠精密","39033.00","66947.00","-3539.00","1628.00","104069.00","379794.00","483863.00"
"115/10/02","115","1","7708","全家餐飲","95316.00","77224.00","-39390.00","512.00","133662.00","269540.00","403202.00"
"115/10/02","115","1","7709","榮田","-167178.00","-44751.00","88127.00","--","-123802.00","679290.00","555488.00"
"115/10/02","115","1","7712","博盛半導體","69362.00","-5317.00","-4350.00","284.00","59979.00","865467.00","925446.00"
"115/10/02","115","1","7713","威力德生醫","59619.00","-40264.00","-24939.00","--","-5584.00","237714.00","232130.00"
"115/10/02","115","1","7714","創泓科技","129034.00","-15252.00","5694.00","--","119476.00","269061.00","388537.00"
"115/10/02","115","1","7715","裕山","46210.00","-25731.00","-55630.00","643.00","-34508.00","230168.00","195660.00"
"115/10/02","115","1","7716","昱臺國際","7530.00","-4768.00","-3361.00","3737.00","3138.00","255548.00","258686.00"
"115/10/02","115","1","7717","萊德光電-KY","77512.00","14209.00","-4750.00","16687.00","103658.00","716602.00","820260.00"
"115/10/02","115","1","7718","友鋮","90205.00","11959.00","-43566.00","1119.00","59717.00","488267.00","547984.00"
"115/10/02","115","1","7723","築間","-37441.00","-70369.00","-159724.00","-829.00","-268363.00","523327.00","254964.00"
"115/10/02","115","1","7728","光焱科技","1690.00","4399.00","12862.00","637.00","19588.00","708002.00","727590.00"
"115/10/02","115","1","7734","印能科技","183353.00","-748546.00","-22328.00","3621.00","-583900.00","2600024.00","2016124.00"
"115/10/02","115","1","7738","東聯互動","81079.00","-347.00","-5120.00","121.00","75733.00","1597445.00","1673178.00"
"115/10/02","115","1","7743","金利食安","19436.00","-14773.00","29053.00","-4184.00","29532.00","411206.00","440738.00"
"115/10/02","115","1","7744","崴寶","131191.00","-115235.00","-3091.00","1705.00","14570.00","408620.00","423190.00"
"115/10/02","115","1","7747","昕奇雲端","87477.00","-119874.00","-538.00","1035.00","-31900.00","767767.00","735867.00"
"115/10/02","115","1","7751","竑騰","1720.00","206351.00","-3568.00","1964.00","206467.00","1658652.00","1865119.00"
"115/10/02","115","1","7753","星亞","45466.00","-4332.00","-1460.00","--","39674.00","396127.00","435801.00"
"115/10/02","115","1","7757","金色三麥","68360.00","-53391.00","-10605.00","--","4364.00","406605.00","410969.00"
"115/10/02","115","1","7767","仁大資訊","40730.00","-15422.00","-47152.00","457.00","-21387.00","145403.00","124016.00"
"115/10/02","115","1","7770","君曜","-74685.00","-880.00","112.00","6.00","-75447.00","391433.00","315986.00"
"115/10/02","115","1","7772","耀穎","48083.00","-29906.00","1986.00","--","20163.00","259436.00","279599.00"
"115/10/02","115","1","7777","能率亞洲","-125055.00","--","-2692.00","--","-127747.00","566165.00","438418.00"
"115/10/02","115","1","7782","光速火箭","7429.00","-1031.00","-12229.00","--","-5831.00","277294.00","271463.00"
"115/10/02","115","1","7792","安葆","-96837.00","-10669.00","428245.00","9132.00","329871.00","1136395.00","1466266.00"
"115/10/02","115","1","7794","宏�硒撥s","36718.00","-1302.00","-35845.00","-2370.00","-2799.00","411998.00","409199.00"
"115/10/02","115","1","7805","威聯通","9078.00","-1591059.00","87619.00","8491.00","-1485871.00","2946334.00","1460463.00"
"115/10/02","115","1","7810","捷創科技","53208.00","45012.00","-2827.00","699.00","96092.00","655329.00","751421.00"
"115/10/02","115","1","7811","民盛","-7491.00","-9898.00","216246.00","-10611.00","188246.00","510215.00","698461.00"
"115/10/02","115","1","7814","海昌生技","-2139.00","911.00","-535.00","64.00","-1699.00","64578.00","62879.00"
"115/10/02","115","1","7819","精誠金融","1640.00","10666.00","-3797.00","--","8509.00","34578.00","43087.00"
"115/10/02","115","1","7820","立盈","36211.00","-27072.00","-5812.00","--","3327.00","16000.00","19327.00"
"115/10/02","115","1","7825","和亞智慧","-20275.00","-5392.00","-1801.00","37.00","-27431.00","133970.00","106539.00"
"115/10/02","115","1","7828","創新服務","-30359.00","-6557.00","-5036.00","656.00","-41296.00","413366.00","372070.00"
"115/10/02","115","1","7839","達人網","7365.00","33000.00","-1096.00","235.00","39504.00","62273.00","101777.00"
"115/10/02","115","1","7842","天能綠電","-1382.00","-17159.00","1161.00","--","-17380.00","266959.00","249579.00"
"115/10/02","115","1","7856","漢測","218337.00","-94403.00","-141305.00","1721.00","-15650.00","708581.00","692931.00"
"115/10/02","115","1","8024","佑華","-33833.00","32867.00","0.00","1532.00","566.00","103035.00","103601.00"
"115/10/02","115","1","8027","鈦昇","221423.00","-148939.00","71050.00","795.00","144329.00","495558.00","639887.00"
"115/10/02","115","1","8032","光菱","-131722.00","18778.00","239068.00","22970.00","149094.00","558401.00","707495.00"
"115/10/02","115","1","8034","榮群","-22554.00","-37187.00","-1822.00","--","-61563.00","138472.00","76909.00"
"115/10/02","115","1","8038","長園科","-92050.00","6939.00","62034.00","-3.00","-23080.00","293239.00","270159.00"
"115/10/02","115","1","8040","九暘","19413.00","-3767.00","0.00","--","15646.00","2079072.00","2094718.00"
"115/10/02","115","1","8042","金山電","79755.00","87578.00","-68448.00","42057.00","140942.00","1622939.00","1763881.00"
"115/10/02","115","1","8043","蜜望實","-1854121.00","-46343.00","1971942.00","12514.00","83992.00","720383.00","804375.00"
"115/10/02","115","1","8044","網家","-126566.00","82448.00","165790.00","12892.00","134564.00","4131880.00","4266444.00"
"115/10/02","115","1","8047","星雲","-300.00","-2945.00","-497.00","1562.00","-2180.00","75090.00","72910.00"
"115/10/02","115","1","8048","德勝","16474.00","-46028.00","-1071.00","561.00","-30064.00","357349.00","327285.00"
"115/10/02","115","1","8049","晶采","55708.00","-86201.00","-4588.00","9515.00","-25566.00","228403.00","202837.00"
"115/10/02","115","1","8050","廣積","-434461.00","33469.00","298424.00","-13608.00","-116176.00","991424.00","875248.00"
"115/10/02","115","1","8054","安國","510660.00","-35410.00","-89934.00","180.00","385496.00","1293529.00","1679025.00"
"115/10/02","115","1","8059","凱碩","-1123888.00","-5642.00","-180848.00","9776.00","-1300602.00","1805216.00","504614.00"
"115/10/02","115","1","8064","東捷","81093.00","-943899.00","1088312.00","5599.00","231105.00","2419242.00","2650347.00"
"115/10/02","115","1","8066","來思達","-6068.00","-799.00","-32638.00","9279.00","-30226.00","278735.00","248509.00"
"115/10/02","115","1","8067","志旭","-7182.00","2391.00","1164.00","23.00","-3604.00","11987.00","8383.00"
"115/10/02","115","1","8068","全達","-115794.00","-20239.00","33192.00","339.00","-102502.00","183185.00","80683.00"
"115/10/02","115","1","8069","元太","2205961.00","-1462589.00","466538.00","120790.00","1330700.00","18811235.00","20141935.00"
"115/10/02","115","1","8071","能率網通","-70458.00","-376835.00","374413.00","7264.00","-65616.00","630022.00","564406.00"
"115/10/02","115","1","8074","鉅橡","7578.00","-18215.00","31202.00","77.00","20642.00","617960.00","638602.00"
"115/10/02","115","1","8076","伍豐","-207435.00","72566.00","43874.00","4932.00","-86063.00","1257685.00","1171622.00"
"115/10/02","115","1","8077","洛��","135507.00","-43158.00","-112829.00","--","-20480.00","265202.00","244722.00"
"115/10/02","115","1","8080","泰霖","-58481.00","-14702.00","-13842.00","--","-87025.00","231718.00","144693.00"
"115/10/02","115","1","8083","瑞穎","103788.00","-1929.00","-144368.00","--","-42509.00","71385.00","28876.00"
"115/10/02","115","1","8084","巨虹","9725.00","27136.00","-28763.00","1484.00","9582.00","128548.00","138130.00"
"115/10/02","115","1","8085","福華","30277.00","3553.00","-1332.00","8465.00","40963.00","668015.00","708978.00"
"115/10/02","115","1","8086","宏捷科","546322.00","-2207009.00","-83890.00","--","-1744577.00","3450343.00","1705766.00"
"115/10/02","115","1","8087","麗升能源","129871.00","-210221.00","163817.00","219.00","83686.00","694369.00","778055.00"
"115/10/02","115","1","8088","品安","-59802.00","-4027.00","117631.00","0.00","53802.00","72684.00","126486.00"
"115/10/02","115","1","8089","康全電訊","-61728.00","-8185.00","-5233.00","-300.00","-75446.00","924490.00","849044.00"
"115/10/02","115","1","8091","翔名","73428.00","-56545.00","217074.00","12055.00","246012.00","1534890.00","1780902.00"
"115/10/02","115","1","8092","建暐","906.00","-1466.00","-11822.00","-650.00","-13032.00","99475.00","86443.00"
"115/10/02","115","1","8093","保銳","-10138.00","-256.00","19160.00","790.00","9556.00","70935.00","80491.00"
"115/10/02","115","1","8096","擎亞","-4790276.00","-73755.00","4402402.00","36366.00","-425263.00","1018103.00","592840.00"
"115/10/02","115","1","8097","常珵","9052.00","-81472.00","68220.00","-1483.00","-5683.00","278409.00","272726.00"
"115/10/02","115","1","8099","大世科","-62579.00","105398.00","-9406.00","-19.00","33394.00","702978.00","736372.00"
"115/10/02","115","1","8102","傑霖科技","47543.00","-19468.00","-570.00","1731.00","29236.00","228446.00","257682.00"
"115/10/02","115","1","8107","大億金茂","9317.00","-15423.00","-244.00","-6518.00","-12868.00","460072.00","447204.00"
"115/10/02","115","1","8109","博大","140276.00","71547.00","-32085.00","10134.00","189872.00","1633252.00","1823124.00"
"115/10/02","115","1","8111","立��","-47390.00","-41480.00","-37559.00","2659.00","-123770.00","671595.00","547825.00"
"115/10/02","115","1","8121","越峰","11683.00","-97960.00","-76760.00","40767.00","-122270.00","664870.00","542600.00"
"115/10/02","115","1","8147","正淩","-7858.00","-53400.00","70094.00","5580.00","14416.00","466272.00","480688.00"
"115/10/02","115","1","8155","博智","220916.00","-127462.00","63210.00","8916.00","165580.00","1495451.00","1661031.00"
"115/10/02","115","1","8171","天宇","-57690.00","17335.00","76888.00","3278.00","39811.00","750928.00","790739.00"
"115/10/02","115","1","8176","智捷","-4973.00","1731.00","-1188.00","7236.00","2806.00","375792.00","378598.00"
"115/10/02","115","1","8182","加高","19635.00","2465.00","62505.00","14705.00","99310.00","1264460.00","1363770.00"
"115/10/02","115","1","8227","巨有科技","1693.00","-39277.00","-818.00","3108.00","-35294.00","829285.00","793991.00"
"115/10/02","115","1","8234","新漢","-181571.00","-83860.00","404486.00","-707.00","138348.00","816788.00","955136.00"
"115/10/02","115","1","8240","華宏","-14045.00","-368060.00","256817.00","53412.00","-71876.00","1174252.00","1102376.00"
"115/10/02","115","1","8255","朋程","260171.00","-130881.00","-23189.00","8704.00","114805.00","1754812.00","1869617.00"
"115/10/02","115","1","8272","全景軟體","-17519.00","-26961.00","-1246.00","--","-45726.00","154567.00","108841.00"
"115/10/02","115","1","8277","商丞","-11419.00","20273.00","-192.00","0.00","8662.00","65781.00","74443.00"
"115/10/02","115","1","8279","生展","118436.00","-6312.00","-67860.00","140.00","44404.00","275465.00","319869.00"
"115/10/02","115","1","8284","三竹","-98451.00","-3052.00","-2425.00","--","-103928.00","925598.00","821670.00"
"115/10/02","115","1","8289","泰藝","-2532.00","-17032.00","-1404.00","18921.00","-2047.00","669561.00","667514.00"
"115/10/02","115","1","8291","尚茂","-7246.00","0.00","166085.00","90.00","158929.00","39005.00","197934.00"
"115/10/02","115","1","8299","群聯","-13848665.00","-888835.00","19232738.00","166217.00","4661455.00","16275252.00","20936707.00"
"115/10/02","115","1","8342","益張","11487.00","-20723.00","-15541.00","76.00","-24701.00","279548.00","254847.00"
"115/10/02","115","1","8349","�矬ㄟ篕�","143532.00","-387253.00","608421.00","136303.00","501003.00","1778771.00","2279774.00"
"115/10/02","115","1","8354","冠好","43508.00","-29600.00","10010.00","-15349.00","8569.00","296518.00","305087.00"
"115/10/02","115","1","8358","金居","197763.00","-111665.00","144878.00","170.00","231146.00","744642.00","975788.00"
"115/10/02","115","1","8383","千附","-28159.00","-211307.00","219814.00","2172.00","-17480.00","449825.00","432345.00"
"115/10/02","115","1","8390","金益鼎","195136.00","-91418.00","-17787.00","-3233.00","82698.00","1169344.00","1252042.00"
"115/10/02","115","1","8401","白紗科","43595.00","-337600.00","386624.00","--","92619.00","440984.00","533603.00"
"115/10/02","115","1","8403","盛弘","28366.00","-28445.00","-25111.00","548.00","-24642.00","1338686.00","1314044.00"
"115/10/02","115","1","8409","商之器","6143.00","-2155.00","-1262.00","189.00","2915.00","130827.00","133742.00"
"115/10/02","115","1","8410","森田","43431.00","-90056.00","39766.00","56.00","-6803.00","31882.00","25079.00"
"115/10/02","115","1","8415","大國鋼","1186707.00","-1667939.00","-109205.00","13193.00","-577244.00","2051228.00","1473984.00"
"115/10/02","115","1","8416","實威","101875.00","-693.00","-1088.00","4017.00","104111.00","478474.00","582585.00"
"115/10/02","115","1","8421","旭源","20888.00","19555.00","-50538.00","3479.00","-6616.00","107832.00","101216.00"
"115/10/02","115","1","8423","保綠-KY","10807.00","-24029.00","-718.00","2282.00","-11658.00","231747.00","220089.00"
"115/10/02","115","1","8424","惠普","63141.00","-37770.00","-335.00","--","25036.00","153649.00","178685.00"
"115/10/02","115","1","8426","紅木-KY","14959.00","-76904.00","4483.00","-13785.00","-71247.00","504473.00","433226.00"
"115/10/02","115","1","8431","匯鑽科","38137.00","-103852.00","249891.00","2253.00","186429.00","474181.00","660610.00"
"115/10/02","115","1","8432","東生華","166895.00","-68566.00","-3206.00","0.00","95123.00","464539.00","559662.00"
"115/10/02","115","1","8433","弘帆","143663.00","-37280.00","-96468.00","-2018.00","7897.00","1281527.00","1289424.00"
"115/10/02","115","1","8435","鉅邁","3053.00","-135055.00","128017.00","679.00","-3306.00","196013.00","192707.00"
"115/10/02","115","1","8436","大江","380667.00","-173626.00","-633155.00","91546.00","-334568.00","5470732.00","5136164.00"
"115/10/02","115","1","8437","大地-KY","38007.00","-2031.00","-72660.00","15599.00","-21085.00","526840.00","505755.00"
"115/10/02","115","1","8440","綠電","21192.00","-74317.00","75598.00","--","22473.00","154759.00","177232.00"
"115/10/02","115","1","8444","綠河-KY","-15880.00","-9434.00","50278.00","-748.00","24216.00","33793.00","58009.00"
"115/10/02","115","1","8446","華研","33297.00","-17121.00","-9784.00","289.00","6681.00","1115448.00","1122129.00"
"115/10/02","115","1","8450","霹靂","24762.00","3392.00","-15148.00","628.00","13634.00","232961.00","246595.00"
"115/10/02","115","1","8455","大拓-KY","66700.00","-40647.00","159041.00","-531.00","184563.00","285066.00","469629.00"
"115/10/02","115","1","8472","納維康","-22318.00","-54876.00","-8303.00","-1274.00","-86771.00","159192.00","72421.00"
"115/10/02","115","1","8477","創業家","13038.00","-5598.00","-1670.00","--","5770.00","96699.00","102469.00"
"115/10/02","115","1","8489","三貝德","-8570.00","101899.00","-174746.00","32.00","-81385.00","986523.00","905138.00"
"115/10/02","115","1","8905","裕國","-8300.00","-4078.00","-20386.00","--","-32764.00","284406.00","251642.00"
"115/10/02","115","1","8906","花王","-4340.00","-280750.00","199578.00","--","-85512.00","123086.00","37574.00"
"115/10/02","115","1","8908","欣雄","237476.00","-134723.00","-70355.00","--","32398.00","1175829.00","1208227.00"
"115/10/02","115","1","8916","光隆","-277794.00","159373.00","-31842.00","48358.00","-101905.00","850588.00","748683.00"
"115/10/02","115","1","8917","欣泰","104396.00","-40332.00","1364.00","44.00","65472.00","328700.00","394172.00"
"115/10/02","115","1","8921","沈氏","-24307.00","-64422.00","61919.00","-1483.00","-28293.00","166319.00","138026.00"
"115/10/02","115","1","8923","時報","15789.00","-13631.00","-2735.00","44.00","-533.00","58161.00","57628.00"
"115/10/02","115","1","8924","大田","120631.00","-87406.00","-11064.00","116009.00","138170.00","2367673.00","2505843.00"
"115/10/02","115","1","8927","北基","1453916.00","-309487.00","-1135280.00","-60.00","9089.00","1221051.00","1230140.00"
"115/10/02","115","1","8928","鉅明","383816.00","-84809.00","-369796.00","450.00","-70339.00","196359.00","126020.00"
"115/10/02","115","1","8929","富堡","-36449.00","-34530.00","37625.00","11693.00","-21661.00","464648.00","442987.00"
"115/10/02","115","1","8930","青鋼","80012.00","-10775.00","-61383.00","20238.00","28092.00","488712.00","516804.00"
"115/10/02","115","1","8931","大汽電","37552.00","-100810.00","-96232.00","--","-159490.00","346532.00","187042.00"
"115/10/02","115","1","8932","智通*","280979.00","1598.00","-85664.00","24991.00","221904.00","1506122.00","1728026.00"
"115/10/02","115","1","8933","愛地雅","-6023.00","41933.00","471.00","10668.00","47049.00","569164.00","616213.00"
"115/10/02","115","1","8935","邦泰","23116.00","-5260.00","16470.00","7603.00","41929.00","199184.00","241113.00"
"115/10/02","115","1","8936","國統","450778.00","25187.00","-118413.00","11678.00","369230.00","665083.00","1034313.00"
"115/10/02","115","1","8937","合騏*","-38859.00","-168621.00","204853.00","0.00","-2627.00","116702.00","114075.00"
"115/10/02","115","1","8938","明安","1565770.00","-133741.00","-399059.00","3689.00","1036659.00","1377288.00","2413947.00"
"115/10/02","115","1","8941","關中","89986.00","25818.00","-78511.00","2139.00","39432.00","353439.00","392871.00"
"115/10/02","115","1","8942","森鉅","164425.00","-307585.00","12417.00","-3055.00","-133798.00","1129970.00","996172.00"
"115/10/02","115","1","9949","琉園","4385.00","66331.00","-2031.00","-699.00","67986.00","247150.00","315136.00"
"115/10/02","115","1","9950","萬國通","30037.00","-8954.00","-37016.00","1963.00","-13970.00","500330.00","486360.00"
"115/10/02","115","1","9951","皇田","-105326.00","-67531.00","-62081.00","45343.00","-189595.00","1532143.00","1342548.00"
"115/10/02","115","1","9960","邁達康","12355.00","-67899.00","-12195.00","5268.00","-62471.00","168857.00","106386.00"
"115/10/02","115","1","9962","有益","175457.00","-3574.00","-199896.00","0.00","-28013.00","137487.00","109474.00"
